45 55 45 51 45 95 45 87 45 135 44 97
115 55 114 51 45 95 45 51 45 135 45 61
90 55 90 51 45 95 45 51 45 135 45 61
60 55 60 51 45 95 45 87 45 135 44 97
130 55 129 51 45 95 45 51 45 135 45 61
60 55 60 51 45 95 45 87 90 135 147 51
90 55 90 51 45 95 45 51 90 135 89 87
130 55 129 51 45 95 45 51 90 135 90 51
130 55 130 51 45 95 44 51 115 135 115 70
115 55 115 51 45 95 45 51 115 135 115 87
60 55 60 51 45 95 45 87 115 135 115 51
60 55 60 51 45 95 45 87 130 135 129 51
115 55 115 51 45 95 45 51 130 135 130 87
90 55 90 51 45 95 45 51 130 135 129 51
130 55 129 51 45 95 45 51 130 135 129 87
130 55 129 51 45 95 44 51 75 135 73 63
115 55 114 51 45 95 44 51 75 135 73 63
90 55 90 51 45 95 44 51 75 135 87 61
60 55 60 51 45 95 45 87 75 135 147 71
45 55 44 51 45 95 45 87 75 135 115 71
45 55 44 51 45 95 44 87 130 135 129 51
45 55 44 51 45 95 44 87 90 135 90 51
45 55 44 51 45 95 44 87 115 135 115 51
45 55 45 51 90 95 89 51 115 135 115 65
45 55 45 51 115 95 115 51 115 135 114 61
45 55 44 51 75 95 128 82 115 135 115 51
45 55 44 51 60 95 60 87 115 135 115 51
45 55 45 51 130 95 130 51 115 135 111 51
45 55 45 51 130 95 129 51 45 135 44 87
45 55 45 51 115 95 114 51 45 135 44 87
45 55 45 51 90 95 89 51 45 135 44 87
45 55 45 51 90 95 90 51 90 135 90 61
45 55 45 51 130 95 129 51 90 135 90 51
45 55 44 51 60 95 120 79 90 135 126 71
45 55 44 51 75 95 81 85 90 135 146 71
45 55 44 51 75 95 143 61 130 135 155 41
45 55 44 51 60 95 60 87 130 135 129 51
45 55 45 51 130 95 130 51 130 135 129 61
45 55 45 51 90 95 89 51 130 135 129 51
45 55 45 51 115 95 114 51 130 135 131 61
115 55 114 51 115 95 114 87 130 135 131 97
75 55 75 51 115 95 114 51 130 135 131 61
90 55 90 51 115 95 132 87 45 135 45 51
115 55 115 51 115 95 114 87 45 135 45 51
115 55 114 51 115 95 114 87 115 135 114 97
75 55 75 51 115 95 115 51 115 135 114 61
90 55 90 51 90 95 90 87 45 135 45 51
90 55 90 51 90 95 90 87 130 135 129 51
75 55 74 51 90 95 89 87 130 135 129 51
75 55 75 51 130 95 130 51 130 135 129 61
75 55 74 51 130 95 130 51 115 135 111 51
115 55 114 51 130 95 129 87 115 135 92 52
90 55 90 51 130 95 130 51 130 135 129 61
115 55 114 51 130 95 129 87 130 135 129 97
115 55 114 51 130 95 129 87 45 135 45 51
90 55 90 51 130 95 129 51 45 135 45 51
90 55 90 51 130 95 129 51 90 135 89 87
75 55 75 51 130 95 129 51 90 135 90 87
75 55 74 51 90 95 88 87 90 135 88 97
90 55 90 51 90 95 90 87 90 135 91 97
60 55 59 51 90 95 113 87 90 135 95 87
60 55 60 51 90 95 143 83 130 135 130 52
60 55 59 51 90 95 96 83 115 135 128 51
60 55 60 51 115 95 115 51 115 135 114 61
60 55 60 51 115 95 114 51 130 135 131 61
60 55 60 51 130 95 130 51 130 135 129 61
60 55 60 51 130 95 130 51 115 135 111 51
60 55 59 51 60 95 60 87 90 135 129 71
75 55 75 51 60 95 60 87 130 135 129 51
75 55 75 51 60 95 60 87 115 135 115 51
115 55 115 51 60 95 59 51 115 135 115 87
115 55 115 51 60 95 59 51 130 135 130 87
60 55 60 51 60 95 60 87 130 135 129 51
60 55 60 51 60 95 60 87 115 135 115 51
90 55 90 51 75 95 75 87 130 135 129 51
115 55 115 51 75 95 74 51 130 135 130 87
115 55 115 51 75 95 74 51 115 135 115 87
60 55 59 51 75 95 74 87 115 135 115 51
60 55 59 51 75 95 74 87 130 135 129 51
75 55 75 51 75 95 75 87 130 135 129 51
75 55 75 51 75 95 75 87 115 135 115 51
75 55 74 51 75 95 75 87 90 135 95 97
90 55 90 51 75 95 75 87 90 135 91 97
60 55 59 51 75 95 138 72 90 135 154 71
60 55 59 51 75 95 73 87 75 135 73 97
115 55 114 51 75 95 75 51 75 135 75 61
90 55 90 51 75 95 75 87 75 135 74 97
60 55 60 51 115 95 114 51 75 135 75 87
115 55 115 51 115 95 114 87 75 135 75 51
90 55 90 51 115 95 132 87 75 135 68 71
90 55 90 51 130 95 129 51 75 135 68 71
115 55 114 51 130 95 130 87 75 135 75 51
60 55 60 51 130 95 129 51 75 135 75 87
45 55 44 51 130 95 130 51 75 135 130 51
45 55 44 51 115 95 123 51 75 135 114 71
45 55 44 51 75 95 97 87 75 135 80 87
75 55 75 51 75 95 75 87 75 135 76 97
75 55 75 51 115 95 114 51 75 135 74 87
75 55 75 51 130 95 129 51 75 135 74 87
60 55 59 51 90 95 160 61 75 135 77 87
45 55 44 51 90 95 90 51 75 135 156 51
45 55 44 51 60 95 124 71 75 135 140 71
115 55 114 51 60 95 59 51 75 135 76 61
60 55 59 51 60 95 60 87 75 135 80 97
75 55 75 51 60 95 60 87 75 135 76 97
130 55 129 51 60 95 59 51 75 135 76 61
130 55 129 51 60 95 59 51 130 135 129 87
130 55 130 51 60 95 59 51 115 135 121 67
130 55 130 51 115 95 114 87 75 135 75 51
130 55 130 51 115 95 114 87 115 135 113 97
130 55 129 51 115 95 114 87 130 135 130 97
130 55 130 51 115 95 114 87 45 135 45 51
130 55 129 51 130 95 129 87 45 135 45 51
130 55 130 51 130 95 129 87 115 135 101 71
130 55 129 51 130 95 129 87 130 135 128 97
130 55 129 51 130 95 129 87 75 135 75 51
130 55 129 51 75 95 75 51 75 135 75 61
130 55 129 51 75 95 74 51 115 135 128 51
130 55 129 51 75 95 74 51 130 135 129 87
130 55 129 51 75 95 74 51 90 135 91 61
130 55 129 51 130 95 129 87 90 135 90 51
130 55 129 51 60 95 59 51 90 135 88 63
130 55 129 51 90 95 90 51 90 135 90 61
130 55 130 51 90 95 89 51 115 135 113 61
130 55 129 51 90 95 89 51 130 135 129 87
130 55 129 51 90 95 90 51 75 135 71 51
130 55 129 51 90 95 89 51 45 135 45 51
130 55 129 51 45 95 43 51 60 135 67 67
115 55 114 51 45 95 43 51 60 135 67 67
60 55 60 51 45 95 45 87 60 135 61 97
60 55 60 51 115 95 114 51 60 135 60 87
115 55 115 51 115 95 114 87 60 135 60 51
130 55 130 51 115 95 114 87 60 135 60 51
130 55 129 51 130 95 129 87 60 135 60 51
115 55 114 51 130 95 130 87 60 135 60 51
60 55 60 51 130 95 129 51 60 135 59 87
115 55 114 51 75 95 75 51 60 135 55 51
130 55 129 51 75 95 75 51 60 135 55 51
45 55 44 51 75 95 144 61 60 135 62 87
45 55 44 51 45 95 44 87 60 135 62 97
45 55 45 51 115 95 114 51 60 135 60 87
45 55 45 51 130 95 129 51 60 135 60 87
75 55 75 51 130 95 129 51 60 135 24 53
75 55 75 51 115 95 114 51 60 135 75 51
75 55 75 51 60 95 61 87 60 135 60 97
115 55 114 51 60 95 60 51 60 135 60 61
130 55 129 51 60 95 60 51 60 135 60 61
60 55 59 51 60 95 60 87 60 135 61 97
45 55 44 51 60 95 59 87 60 135 60 97
