45 55 45 51 45 95 45 87 45 135 45 124
115 55 114 51 45 95 45 51 45 135 45 87
90 55 90 51 45 95 45 51 45 135 45 87
130 55 129 51 45 95 45 51 45 135 45 87
90 55 90 51 45 95 45 51 130 135 129 51
130 55 129 51 45 95 45 51 130 135 130 87
130 55 129 51 45 95 45 51 90 135 90 51
90 55 90 51 45 95 45 51 90 135 90 87
115 55 115 51 45 95 45 51 115 135 115 87
115 55 115 51 45 95 44 51 75 135 73 93
45 55 44 51 45 95 44 87 75 135 89 87
45 55 45 51 45 95 45 87 115 135 115 51
45 55 45 51 45 95 45 87 90 135 90 51
45 55 45 51 45 95 45 87 130 135 129 51
45 55 45 51 90 95 90 51 130 135 129 51
45 55 45 51 130 95 129 51 130 135 129 87
45 55 44 51 60 95 60 87 130 135 129 51
45 55 44 51 60 95 59 87 90 135 108 87
45 55 45 51 130 95 129 51 90 135 90 51
45 55 45 51 130 95 129 51 45 135 45 87
45 55 45 51 90 95 90 51 45 135 45 87
45 55 45 51 90 95 90 51 90 135 90 87
45 55 45 51 115 95 114 51 45 135 45 87
45 55 45 51 115 95 115 51 115 135 115 87
45 55 44 51 60 95 60 87 115 135 115 51
115 55 114 51 60 95 60 51 115 135 114 87
60 55 60 51 60 95 60 87 115 135 115 51
60 55 59 51 60 95 59 87 90 135 104 87
90 55 90 51 130 95 129 51 90 135 90 87
90 55 90 51 130 95 129 51 45 135 45 51
115 55 114 51 130 95 129 87 45 135 45 51
75 55 74 51 130 95 130 51 90 135 93 99
90 55 90 51 90 95 90 87 90 135 90 124
90 55 90 51 90 95 90 87 45 135 45 51
75 55 75 51 115 95 115 51 115 135 115 87
115 55 114 51 115 95 114 87 115 135 114 124
115 55 114 51 115 95 114 87 45 135 45 51
60 55 60 51 115 95 115 51 115 135 115 87
60 55 60 51 130 95 129 51 130 135 129 87
60 55 60 51 60 95 60 87 130 135 129 51
115 55 114 51 115 95 114 87 130 135 129 124
90 55 90 51 130 95 129 51 130 135 129 87
90 55 90 51 90 95 90 87 130 135 129 51
75 55 75 51 130 95 129 51 130 135 129 87
75 55 75 51 75 95 75 87 130 135 129 51
75 55 74 51 75 95 74 87 90 135 89 124
75 55 75 51 75 95 75 87 115 135 115 51
115 55 115 51 75 95 75 51 115 135 115 87
60 55 59 51 75 95 75 87 130 135 129 51
60 55 59 51 75 95 71 87 115 135 116 51
60 55 59 51 115 95 115 51 75 135 79 101
60 55 59 51 130 95 130 52 75 135 86 100
60 55 59 51 60 95 59 87 75 135 74 124
115 55 115 51 60 95 59 51 75 135 78 99
115 55 114 51 75 95 75 51 75 135 75 87
115 55 115 51 115 95 114 87 75 135 75 51
115 55 114 51 130 95 130 87 75 135 75 51
45 55 44 51 130 95 131 57 75 135 82 51
45 55 44 51 115 95 116 51 75 135 74 92
75 55 75 51 75 95 75 87 75 135 75 124
75 55 75 51 115 95 114 51 75 135 75 87
75 55 75 51 130 95 129 51 75 135 75 87
130 55 129 51 130 95 129 87 75 135 75 51
130 55 129 51 75 95 75 51 75 135 75 87
130 55 130 52 60 95 59 51 75 135 86 100
130 55 130 52 60 95 59 51 90 135 90 91
130 55 129 51 60 95 60 51 130 135 130 87
130 55 129 51 75 95 75 51 130 135 129 87
130 55 130 51 75 95 74 51 90 135 94 101
130 55 130 51 130 95 129 87 90 135 90 51
130 55 129 51 130 95 129 87 45 135 45 51
130 55 129 51 130 95 129 87 130 135 129 124
130 55 129 51 90 95 90 51 130 135 130 87
130 55 129 51 90 95 90 51 90 135 90 87
130 55 129 51 90 95 90 51 45 135 45 51
130 55 129 51 45 95 44 51 60 135 83 87
115 55 115 51 45 95 44 51 60 135 71 104
115 55 115 51 115 95 114 87 60 135 60 51
115 55 114 51 130 95 130 87 60 135 60 51
130 55 130 51 130 95 129 87 60 135 60 51
130 55 129 51 60 95 60 51 60 135 60 87
115 55 114 51 60 95 60 51 60 135 60 87
45 55 44 51 45 95 44 87 60 135 59 124
45 55 44 51 115 95 115 51 60 135 71 104
45 55 44 51 130 95 129 51 60 135 83 87
60 55 60 51 130 95 129 51 60 135 60 87
60 55 60 51 115 95 114 51 60 135 60 87
60 55 60 51 60 95 60 87 60 135 60 124
