45 55 45 51 45 95 48 57 45 135 94 49
115 55 114 51 45 95 45 51 45 135 45 69
90 55 89 51 45 95 45 51 45 135 45 69
75 55 74 51 45 95 45 51 45 135 45 69
130 55 129 51 45 95 45 51 45 135 45 69
115 55 115 51 45 95 45 51 115 135 114 61
75 55 74 51 45 95 45 51 115 135 115 51
90 55 90 51 45 95 45 51 115 135 114 61
130 55 129 51 45 95 45 51 90 135 90 51
115 55 114 51 45 95 45 51 90 135 90 51
75 55 74 51 45 95 45 51 90 135 90 60
90 55 90 51 45 95 45 51 90 135 89 61
115 55 114 51 45 95 45 51 75 135 75 51
75 55 75 51 45 95 45 51 75 135 74 61
130 55 129 51 45 95 45 51 75 135 75 51
130 55 129 51 45 95 45 51 130 135 128 61
115 55 114 51 45 95 45 51 130 135 130 60
75 55 74 51 45 95 45 51 130 135 130 51
90 55 89 51 45 95 45 51 130 135 130 51
45 55 45 51 45 95 44 61 130 135 130 51
45 55 45 51 45 95 44 61 90 135 90 51
45 55 45 51 45 95 44 61 115 135 115 51
45 55 44 51 90 95 90 51 115 135 115 51
45 55 44 51 75 95 137 47 115 135 160 69
45 55 45 51 60 95 60 60 115 135 115 51
45 55 44 51 90 95 90 51 90 135 90 69
45 55 45 51 60 95 60 60 90 135 90 51
75 55 75 51 75 95 74 61 115 135 115 51
115 55 115 51 75 95 75 51 115 135 114 61
90 55 90 51 60 95 60 51 115 135 114 61
115 55 115 51 60 95 60 51 115 135 114 61
90 55 90 51 60 95 60 51 90 135 89 61
115 55 114 51 60 95 60 51 90 135 90 51
115 55 114 51 90 95 90 51 90 135 90 69
75 55 74 51 90 95 93 70 90 135 50 67
90 55 90 51 90 95 93 57 90 135 139 50
115 55 115 51 90 95 90 51 115 135 114 61
75 55 74 51 90 95 90 60 115 135 115 51
90 55 90 51 90 95 89 61 115 135 114 61
90 55 90 51 90 95 89 61 130 135 130 51
90 55 89 51 130 95 130 51 130 135 130 69
90 55 89 51 60 95 60 51 130 135 130 51
115 55 114 51 60 95 60 51 130 135 130 60
45 55 45 51 60 95 60 60 130 135 130 51
45 55 44 51 130 95 130 51 130 135 130 69
75 55 74 51 130 95 130 51 130 135 130 69
115 55 114 51 130 95 133 70 130 135 89 66
115 55 114 51 90 95 90 51 130 135 130 60
75 55 74 51 90 95 90 60 130 135 130 51
45 55 44 51 90 95 90 51 130 135 130 51
75 55 75 51 75 95 74 61 130 135 130 51
115 55 114 51 75 95 75 51 130 135 130 60
75 55 75 51 75 95 78 57 75 135 125 49
115 55 114 51 75 95 75 51 75 135 75 69
75 55 74 51 115 95 115 51 115 135 115 69
45 55 44 51 115 95 115 51 115 135 115 69
130 55 129 51 75 95 75 51 75 135 75 69
130 55 129 51 75 95 75 51 130 135 128 61
130 55 129 51 60 95 60 51 90 135 90 51
130 55 129 51 90 95 90 51 90 135 90 69
130 55 129 51 60 95 60 51 130 135 128 61
130 55 129 51 90 95 90 51 130 135 128 61
60 55 59 51 115 95 115 51 115 135 115 69
60 55 60 51 60 95 59 61 115 135 115 51
60 55 59 51 75 95 75 60 115 135 115 51
60 55 59 51 75 95 75 60 130 135 130 51
60 55 59 51 130 95 130 51 130 135 130 69
60 55 60 51 60 95 59 61 130 135 130 51
60 55 59 51 75 95 78 70 75 135 34 66
130 55 129 51 60 95 60 51 60 135 60 69
115 55 114 51 60 95 60 51 60 135 60 69
60 55 60 51 60 95 63 57 60 135 109 49
90 55 89 51 60 95 60 51 60 135 60 69
45 55 44 51 60 95 63 70 60 135 18 57
