45 55 45 51 45 95 44 61 75 135 72 64
115 55 114 51 45 95 45 51 75 135 75 51
90 55 90 51 45 95 45 51 75 135 73 51
75 55 74 51 45 95 45 51 75 135 73 61
130 55 129 51 45 95 45 51 75 135 75 51
115 55 114 51 45 95 45 51 115 135 113 61
90 55 89 51 45 95 45 51 115 135 130 51
75 55 74 51 45 95 45 51 115 135 115 51
130 55 130 51 45 95 45 51 115 135 113 51
130 55 129 51 45 95 45 51 130 135 128 61
90 55 89 51 45 95 45 51 130 135 129 51
75 55 74 51 45 95 45 51 130 135 129 51
90 55 89 51 45 95 45 51 90 135 88 61
75 55 74 51 45 95 45 51 90 135 103 64
130 55 129 51 45 95 45 51 90 135 90 51
45 55 45 51 45 95 44 61 90 135 90 51
45 55 45 51 45 95 44 61 130 135 129 51
45 55 45 51 45 95 44 61 115 135 115 51
45 55 44 51 90 95 90 51 115 135 115 51
45 55 45 51 60 95 60 60 115 135 115 51
45 55 44 51 75 95 100 72 115 135 115 51
60 55 59 51 75 95 75 60 115 135 115 51
60 55 60 51 60 95 59 61 115 135 115 51
90 55 89 51 60 95 60 51 115 135 130 51
75 55 75 51 75 95 74 61 115 135 115 51
60 55 59 51 90 95 92 62 115 135 117 51
90 55 89 51 90 95 90 60 115 135 130 51
75 55 74 51 90 95 90 60 115 135 115 51
90 55 89 51 60 95 60 51 90 135 88 61
60 55 59 51 60 95 59 61 90 135 87 64
45 55 45 51 60 95 60 60 90 135 90 51
75 55 75 51 75 95 74 61 130 135 129 51
75 55 74 51 90 95 90 60 130 135 129 51
90 55 89 51 60 95 60 51 130 135 129 51
60 55 60 51 60 95 59 61 130 135 129 51
45 55 45 51 60 95 60 60 130 135 129 51
45 55 44 51 75 95 132 58 130 135 130 51
60 55 59 51 75 95 75 60 130 135 129 51
60 55 60 51 90 95 129 70 130 135 130 51
90 55 90 51 90 95 89 61 130 135 129 51
45 55 44 51 90 95 90 51 130 135 129 51
130 55 129 51 90 95 90 51 130 135 128 61
130 55 129 51 75 95 75 51 130 135 128 61
130 55 129 51 60 95 60 51 130 135 128 61
130 55 129 51 60 95 60 51 90 135 90 51
130 55 130 51 60 95 60 51 115 135 112 51
130 55 130 51 75 95 75 51 115 135 113 51
130 55 130 51 90 95 90 51 115 135 112 51
115 55 115 51 90 95 90 51 115 135 113 61
115 55 114 51 75 95 75 51 115 135 113 61
115 55 115 51 60 95 60 51 115 135 113 61
