125 55 124 51 45 95 45 51 45 135 45 87
45 55 44 51 45 95 44 87 45 135 44 124
85 55 85 51 45 95 45 51 45 135 45 87
95 55 95 51 45 95 45 51 45 135 45 87
55 55 55 51 45 95 45 87 45 135 45 124
105 55 105 51 45 95 45 51 45 135 45 87
115 55 114 51 45 95 45 51 45 135 45 87
45 55 44 51 45 95 44 87 55 135 54 124
55 55 55 51 45 95 45 87 55 135 55 124
105 55 105 51 45 95 44 51 55 135 55 87
95 55 95 51 45 95 44 51 55 135 55 87
115 55 114 51 45 95 44 51 55 135 55 87
55 55 55 51 45 95 44 87 65 135 148 87
105 55 105 51 45 95 44 51 65 135 67 98
115 55 115 51 45 95 44 51 65 135 71 99
45 55 44 51 45 95 44 87 65 135 153 87
45 55 45 51 45 95 45 87 105 135 105 51
55 55 55 51 45 95 44 87 105 135 105 51
105 55 105 51 45 95 45 51 105 135 105 87
95 55 94 51 45 95 45 51 105 135 105 87
115 55 115 51 45 95 45 51 105 135 104 87
115 55 114 51 45 95 45 51 125 135 126 87
55 55 55 51 45 95 44 87 125 135 124 51
85 55 85 51 45 95 45 51 125 135 124 51
45 55 45 51 45 95 45 87 125 135 124 51
45 55 44 51 45 95 44 87 75 135 88 87
55 55 54 51 45 95 44 87 75 135 92 87
85 55 84 51 45 95 44 51 75 135 75 87
115 55 115 51 45 95 44 51 75 135 73 93
55 55 55 51 45 95 44 87 95 135 95 51
105 55 105 51 45 95 45 51 95 135 94 87
85 55 84 51 45 95 45 51 95 135 95 87
95 55 95 51 45 95 45 51 95 135 95 87
45 55 45 51 45 95 45 87 95 135 95 51
45 55 45 51 45 95 45 87 85 135 85 51
55 55 55 51 45 95 44 87 85 135 111 87
85 55 85 51 45 95 45 51 85 135 85 87
95 55 95 51 45 95 45 51 85 135 84 87
125 55 125 52 45 95 44 51 75 135 77 91
125 55 125 51 45 95 45 51 125 135 125 87
125 55 124 51 45 95 45 51 85 135 85 51
125 55 124 51 45 95 44 51 55 135 55 87
125 55 124 51 45 95 44 51 65 135 88 87
125 55 125 51 115 95 114 87 65 135 65 51
125 55 125 51 125 95 125 87 65 135 65 51
125 55 124 51 65 95 65 51 65 135 65 87
125 55 124 51 55 95 54 51 65 135 65 87
125 55 124 51 75 95 75 51 65 135 64 87
55 55 54 51 75 95 74 87 65 135 63 124
115 55 114 51 75 95 75 51 65 135 64 87
65 55 64 51 75 95 75 87 65 135 64 124
75 55 75 51 75 95 75 87 65 135 65 124
55 55 54 51 105 95 105 51 65 135 65 87
105 55 105 51 105 95 105 87 65 135 65 51
115 55 115 51 105 95 104 87 65 135 65 51
65 55 65 51 105 95 105 51 65 135 65 87
65 55 65 51 55 95 54 87 65 135 65 124
55 55 54 51 55 95 54 87 65 135 64 124
105 55 105 51 55 95 54 51 65 135 65 87
115 55 114 51 55 95 54 51 65 135 65 87
115 55 114 51 65 95 65 51 65 135 65 87
55 55 54 51 65 95 64 87 65 135 64 124
105 55 105 51 65 95 65 51 65 135 65 87
75 55 75 51 65 95 65 87 65 135 65 124
65 55 65 51 65 95 65 87 65 135 65 124
65 55 65 51 125 95 124 51 65 135 65 87
55 55 54 51 125 95 124 51 65 135 65 87
75 55 75 51 125 95 124 51 65 135 64 87
115 55 114 51 125 95 125 87 65 135 65 51
115 55 114 51 115 95 115 87 65 135 65 51
55 55 54 51 115 95 114 51 65 135 65 87
105 55 104 51 115 95 115 87 65 135 65 51
75 55 75 51 115 95 114 51 65 135 64 87
65 55 65 51 115 95 114 51 65 135 65 87
115 55 114 51 115 95 114 87 125 135 124 124
115 55 115 51 115 95 115 87 105 135 105 124
115 55 115 51 115 95 114 87 45 135 45 51
115 55 114 51 115 95 114 87 75 135 75 51
115 55 114 51 125 95 125 87 75 135 75 51
115 55 114 51 125 95 124 87 125 135 124 124
115 55 114 51 125 95 125 87 45 135 45 51
115 55 114 51 125 95 124 87 135 135 134 124
115 55 114 51 65 95 65 51 125 135 125 87
115 55 115 51 65 95 65 51 105 135 103 87
115 55 114 51 65 95 64 51 75 135 75 87
115 55 115 51 55 95 54 51 75 135 77 98
115 55 114 51 55 95 55 51 125 135 125 87
115 55 115 51 55 95 55 51 105 135 103 87
115 55 114 51 55 95 55 51 45 135 44 87
115 55 116 51 105 95 112 51 105 135 24 75
115 55 115 51 105 95 104 87 45 135 45 51
115 55 114 51 75 95 75 51 125 135 125 87
115 55 114 51 75 95 74 51 105 135 106 87
115 55 114 51 75 95 75 51 75 135 75 87
125 55 124 51 125 95 124 87 135 135 134 124
65 55 65 51 65 95 65 87 125 135 124 51
65 55 65 51 65 95 65 87 105 135 105 51
55 55 54 51 65 95 65 87 125 135 124 51
55 55 54 51 65 95 65 87 105 135 105 51
105 55 105 51 65 95 65 51 105 135 105 87
85 55 85 51 135 95 135 51 125 135 124 87
55 55 55 51 135 95 135 51 125 135 124 87
65 55 65 51 135 95 135 51 125 135 124 87
65 55 65 51 115 95 114 51 125 135 125 87
65 55 65 51 115 95 115 51 105 135 104 87
55 55 55 51 115 95 115 51 105 135 104 87
105 55 104 51 115 95 115 87 105 135 104 124
55 55 55 51 115 95 114 51 125 135 125 87
105 55 104 51 115 95 114 87 125 135 124 124
105 55 104 51 115 95 115 87 45 135 45 51
55 55 55 51 115 95 114 51 45 135 44 87
95 55 94 51 115 95 114 87 105 135 103 124
55 55 55 51 125 95 124 51 45 135 44 87
85 55 85 51 125 95 124 51 45 135 45 51
85 55 85 51 125 95 125 51 125 135 125 87
55 55 55 51 125 95 125 51 125 135 125 87
55 55 54 51 125 95 126 53 85 135 88 89
85 55 85 51 125 95 124 51 85 135 85 87
65 55 64 51 125 95 125 51 85 135 87 95
65 55 65 51 125 95 125 51 125 135 124 87
85 55 85 51 85 95 85 87 85 135 85 124
95 55 95 51 85 95 85 87 85 135 85 124
95 55 95 51 85 95 84 87 45 135 45 51
55 55 54 51 85 95 107 87 45 135 44 87
85 55 85 51 85 95 85 87 45 135 45 51
85 55 85 51 85 95 85 87 125 135 124 51
55 55 55 51 55 95 55 87 125 135 124 51
55 55 55 51 55 95 55 87 105 135 105 51
105 55 105 51 55 95 55 51 105 135 105 87
105 55 105 51 55 95 55 51 45 135 44 87
55 55 55 51 55 95 55 87 45 135 45 124
95 55 95 51 55 95 55 51 45 135 44 87
95 55 94 51 55 95 55 51 105 135 105 87
95 55 94 51 55 95 54 51 85 135 84 87
55 55 54 51 55 95 54 87 85 135 99 87
65 55 64 51 55 95 54 87 85 135 101 87
65 55 65 51 55 95 54 87 125 135 124 51
65 55 65 51 55 95 54 87 105 135 105 51
55 55 54 51 95 95 95 51 85 135 84 87
85 55 84 51 95 95 95 87 85 135 84 124
95 55 95 51 95 95 95 87 85 135 85 124
95 55 94 51 95 95 94 87 105 135 104 124
95 55 95 51 95 95 95 87 45 135 45 51
105 55 105 51 95 95 94 87 45 135 45 51
55 55 55 51 95 95 95 51 45 135 44 87
85 55 84 51 95 95 95 87 45 135 45 51
85 55 84 51 95 95 94 87 105 135 104 124
105 55 105 51 95 95 94 87 105 135 105 124
55 55 55 51 95 95 94 51 105 135 105 87
55 55 55 51 105 95 105 51 105 135 105 87
105 55 105 51 105 95 105 87 105 135 105 124
105 55 105 51 105 95 105 87 45 135 45 51
55 55 55 51 105 95 105 51 45 135 44 87
95 55 94 51 105 95 105 87 45 135 45 51
95 55 94 51 105 95 104 87 105 135 104 124
65 55 65 51 105 95 105 51 105 135 105 87
65 55 64 51 75 95 75 87 125 135 124 51
65 55 64 51 75 95 74 87 85 135 84 124
85 55 85 51 75 95 75 87 85 135 85 124
85 55 85 51 75 95 74 87 125 135 124 51
75 55 75 51 75 95 75 87 125 135 124 51
75 55 74 51 75 95 74 87 85 135 84 124
75 55 74 51 95 95 94 87 85 135 83 124
75 55 75 51 125 95 125 51 125 135 125 87
75 55 74 51 125 95 124 51 85 135 85 87
75 55 75 51 115 95 114 51 125 135 125 87
75 55 74 51 115 95 115 51 105 135 105 87
75 55 75 51 135 95 135 51 125 135 124 87
75 55 75 51 65 95 64 87 125 135 124 51
75 55 74 51 85 95 85 87 125 135 124 51
75 55 74 51 85 95 84 87 85 135 84 124
125 55 124 51 85 95 85 51 85 135 85 87
125 55 125 51 85 95 85 51 125 135 125 87
125 55 124 51 85 95 85 51 45 135 45 51
125 55 124 51 55 95 54 51 85 135 83 92
125 55 125 51 55 95 55 51 125 135 125 87
125 55 124 51 55 95 55 51 45 135 44 87
125 55 125 51 125 95 125 87 45 135 45 51
125 55 124 51 125 95 124 87 125 135 125 124
125 55 125 51 125 95 125 87 85 135 85 51
125 55 125 51 115 95 114 87 125 135 125 124
125 55 125 51 115 95 114 87 45 135 45 51
125 55 125 51 135 95 135 87 125 135 124 124
125 55 125 51 65 95 64 51 85 135 87 98
125 55 125 51 65 95 65 51 125 135 125 87
125 55 125 51 75 95 75 51 125 135 125 87
125 55 124 51 75 95 74 51 85 135 85 87
125 55 124 51 75 95 75 51 75 135 75 87
85 55 85 51 75 95 75 87 75 135 75 124
75 55 75 51 75 95 75 87 75 135 75 124
125 55 125 51 55 95 54 51 75 135 81 98
55 55 54 51 55 95 54 87 75 135 92 87
55 55 54 51 125 95 125 51 75 135 81 98
85 55 85 51 125 95 124 51 75 135 74 87
125 55 125 51 125 95 125 87 75 135 75 51
75 55 75 51 125 95 124 51 75 135 75 87
75 55 75 51 115 95 114 51 75 135 75 87
55 55 54 51 115 95 115 51 75 135 77 96
125 55 125 51 115 95 114 87 75 135 75 51
75 55 75 51 65 95 64 87 75 135 75 124
55 55 54 51 65 95 64 87 75 135 74 124
125 55 124 51 65 95 64 51 75 135 75 87
125 55 124 51 85 95 85 51 75 135 74 87
85 55 85 51 85 95 85 87 75 135 75 124
75 55 74 51 85 95 85 87 75 135 74 124
65 55 64 51 85 95 84 87 75 135 73 124
65 55 65 51 55 95 54 87 75 135 154 87
65 55 64 51 125 95 124 51 75 135 75 87
65 55 64 51 115 95 114 51 75 135 75 87
65 55 64 51 65 95 64 87 75 135 74 124
65 55 64 51 75 95 74 87 75 135 74 124
65 55 65 51 105 95 105 51 55 135 54 87
65 55 65 51 55 95 55 87 55 135 55 124
65 55 65 51 125 95 124 51 55 135 54 87
65 55 65 51 115 95 114 51 55 135 54 87
65 55 65 51 65 95 65 87 55 135 55 124
55 55 54 51 65 95 65 87 55 135 54 124
105 55 105 51 65 95 65 51 55 135 54 87
125 55 124 51 65 95 65 51 55 135 54 87
115 55 114 51 65 95 65 51 55 135 54 87
115 55 115 51 105 95 104 87 55 135 55 51
115 55 114 51 55 95 55 51 55 135 55 87
55 55 55 51 55 95 55 87 55 135 55 124
105 55 105 51 55 95 55 51 55 135 55 87
125 55 124 51 55 95 55 51 55 135 55 87
95 55 95 51 55 95 55 51 55 135 55 87
55 55 55 51 105 95 105 51 55 135 55 87
105 55 105 51 105 95 105 87 55 135 55 51
95 55 94 51 105 95 105 87 55 135 55 51
95 55 95 51 95 95 95 87 55 135 55 51
55 55 55 51 95 95 95 51 55 135 55 87
105 55 105 51 95 95 94 87 55 135 55 51
55 55 55 51 125 95 124 51 55 135 55 87
125 55 125 51 125 95 125 87 55 135 55 51
115 55 114 51 125 95 125 87 55 135 55 51
115 55 114 51 115 95 115 87 55 135 55 51
55 55 55 51 115 95 114 51 55 135 55 87
105 55 104 51 115 95 115 87 55 135 55 51
125 55 125 51 115 95 114 87 55 135 55 51
95 55 94 51 105 95 105 87 95 135 94 124
55 55 55 51 105 95 105 51 95 135 94 87
105 55 105 51 105 95 105 87 95 135 95 124
85 55 84 51 105 95 104 87 95 135 93 124
105 55 105 51 95 95 95 87 95 135 95 124
55 55 55 51 95 95 95 51 95 135 95 87
85 55 84 51 95 95 94 87 95 135 94 124
95 55 94 51 95 95 94 87 95 135 94 124
95 55 95 51 55 95 55 51 95 135 95 87
55 55 55 51 55 95 55 87 95 135 95 51
105 55 105 51 55 95 55 51 95 135 94 87
75 55 75 51 65 95 64 87 95 135 112 87
55 55 54 51 65 95 64 87 95 135 107 87
105 55 104 51 65 95 64 51 95 135 94 87
75 55 74 51 75 95 74 87 95 135 112 87
75 55 74 51 85 95 84 87 95 135 94 124
85 55 84 51 85 95 84 87 95 135 94 124
95 55 95 51 85 95 85 87 95 135 95 124
65 55 64 51 105 95 105 51 95 135 95 87
65 55 64 51 65 95 64 87 95 135 109 87
135 55 135 51 125 95 124 87 65 135 65 51
135 55 136 57 135 95 152 90 125 135 159 128
135 55 135 51 125 95 124 87 75 135 75 51
135 55 135 51 125 95 124 87 125 135 124 124
135 55 135 51 125 95 124 87 55 135 55 51
135 55 135 51 125 95 124 87 45 135 45 51
135 55 136 56 125 95 139 94 135 135 161 125
135 55 135 51 125 95 124 87 85 135 85 51
45 55 45 51 85 95 85 51 85 135 85 87
45 55 45 51 85 95 85 51 125 135 124 51
45 55 45 51 85 95 85 51 45 135 45 87
45 55 45 51 85 95 84 51 95 135 95 87
45 55 44 51 85 95 85 51 75 135 74 87
45 55 45 51 135 95 135 51 125 135 124 87
45 55 45 51 105 95 105 51 95 135 94 87
45 55 44 51 105 95 105 51 55 135 55 87
45 55 45 51 105 95 105 51 105 135 105 87
45 55 45 51 105 95 105 51 45 135 45 87
45 55 45 51 95 95 95 51 45 135 45 87
45 55 44 51 95 95 95 51 55 135 56 87
45 55 45 51 95 95 94 51 105 135 105 87
45 55 45 51 95 95 95 51 95 135 95 87
45 55 44 51 55 95 55 87 95 135 95 51
45 55 44 51 55 95 54 87 55 135 54 124
45 55 44 51 55 95 55 87 125 135 124 51
45 55 44 51 55 95 55 87 105 135 105 51
45 55 44 51 55 95 55 87 45 135 44 124
45 55 44 51 125 95 125 52 75 135 79 89
45 55 44 51 125 95 124 51 55 135 55 87
45 55 45 51 125 95 125 51 125 135 124 87
45 55 45 51 125 95 124 51 45 135 45 87
45 55 45 51 115 95 114 51 45 135 45 87
45 55 44 51 115 95 114 51 55 135 55 87
45 55 45 51 115 95 114 51 125 135 125 87
45 55 45 51 115 95 115 51 105 135 104 87
45 55 44 51 115 95 116 51 75 135 74 92
45 55 45 51 95 95 95 51 85 135 84 87
45 55 44 51 55 95 54 87 85 135 99 87
45 55 45 51 125 95 124 51 85 135 85 51
45 55 44 51 105 95 105 51 65 135 67 96
45 55 44 51 55 95 54 87 65 135 64 124
45 55 44 51 125 95 125 51 65 135 86 87
45 55 44 51 115 95 115 51 65 135 71 98
45 55 44 51 65 95 75 101 55 135 105 125
45 55 44 51 65 95 87 87 125 135 125 51
45 55 44 51 65 95 70 101 105 135 112 51
55 55 54 51 75 95 82 97 115 135 126 52
125 55 125 51 75 95 75 51 115 135 112 87
115 55 115 51 75 95 75 51 115 135 115 87
75 55 75 51 75 95 75 87 115 135 115 51
75 55 75 51 125 95 125 51 115 135 114 87
75 55 75 51 115 95 115 51 115 135 115 87
55 55 55 51 115 95 115 51 115 135 115 87
105 55 104 51 115 95 114 87 115 135 114 124
45 55 45 51 115 95 115 51 115 135 115 87
125 55 125 51 115 95 115 87 115 135 115 124
115 55 115 51 115 95 115 87 115 135 115 124
115 55 115 51 105 95 104 87 115 135 114 124
115 55 115 51 45 95 45 51 115 135 115 87
115 55 114 51 55 95 55 51 115 135 114 87
55 55 55 51 55 95 55 87 115 135 115 51
105 55 104 51 55 95 55 51 115 135 115 87
45 55 44 51 55 95 55 87 115 135 115 51
125 55 125 51 55 95 55 51 115 135 112 87
95 55 94 51 105 95 104 87 115 135 114 124
55 55 55 51 105 95 104 51 115 135 115 87
105 55 104 51 105 95 104 87 115 135 114 124
45 55 45 51 105 95 104 51 115 135 115 87
55 55 55 51 45 95 44 87 115 135 115 51
105 55 104 51 45 95 45 51 115 135 115 87
45 55 45 51 45 95 45 87 115 135 115 51
125 55 125 51 45 95 45 51 115 135 112 87
55 55 55 51 125 95 125 51 115 135 114 87
105 55 104 51 125 95 124 87 115 135 113 124
45 55 45 51 125 95 125 51 115 135 114 87
85 55 84 51 125 95 125 51 115 135 114 87
115 55 114 51 125 95 125 87 115 135 114 124
125 55 125 51 125 95 125 87 115 135 115 124
125 55 125 51 65 95 65 51 115 135 114 87
55 55 54 51 65 95 65 87 115 135 115 51
105 55 104 51 65 95 65 51 115 135 115 87
45 55 44 51 65 95 70 99 115 135 111 62
115 55 115 51 65 95 65 51 115 135 115 87
75 55 75 51 65 95 64 87 115 135 115 51
125 55 124 51 85 95 84 51 115 135 115 87
65 55 65 51 105 95 104 51 115 135 115 87
65 55 65 51 55 95 54 87 115 135 115 51
65 55 65 51 125 95 125 51 115 135 114 87
65 55 65 51 115 95 115 51 115 135 115 87
65 55 65 51 65 95 65 87 115 135 115 51
65 55 64 51 75 95 75 87 115 135 115 51
