125 55 124 51 45 95 45 51 45 135 46 57
45 55 45 51 45 95 45 87 45 135 44 98
85 55 85 51 45 95 45 51 45 135 46 57
95 55 95 51 45 95 45 51 45 135 46 57
55 55 55 51 45 95 45 87 45 135 45 96
105 55 105 51 45 95 45 51 45 135 46 57
115 55 114 51 45 95 45 51 45 135 46 57
95 55 95 51 45 95 44 51 55 135 56 60
105 55 105 51 45 95 44 51 55 135 56 60
85 55 85 51 45 95 44 51 55 135 56 60
55 55 55 51 45 95 46 87 55 135 57 96
115 55 114 51 45 95 44 51 55 135 56 60
45 55 44 51 45 95 45 87 55 135 55 97
45 55 44 51 45 95 44 87 105 135 105 51
105 55 104 51 45 95 45 51 105 135 104 87
85 55 85 51 45 95 45 51 105 135 105 87
55 55 55 51 45 95 45 87 105 135 105 51
115 55 115 51 45 95 43 51 105 135 100 66
95 55 94 51 45 95 45 51 105 135 105 87
95 55 95 51 45 95 45 51 135 135 135 51
85 55 85 51 45 95 45 51 135 135 135 51
55 55 55 51 45 95 46 87 135 135 135 51
115 55 115 51 45 95 45 51 135 135 135 87
45 55 44 51 45 95 44 87 135 135 135 51
45 55 44 51 45 95 44 87 125 135 124 51
105 55 105 51 45 95 45 51 125 135 125 87
85 55 85 51 45 95 45 51 125 135 124 51
55 55 55 51 45 95 45 87 125 135 124 51
115 55 114 51 45 95 45 51 125 135 125 87
105 55 105 51 45 95 45 51 85 135 85 51
85 55 84 51 45 95 45 51 85 135 84 87
115 55 114 51 45 95 45 51 85 135 85 51
45 55 44 51 45 95 44 87 85 135 85 51
45 55 44 51 45 95 44 87 95 135 95 51
105 55 105 51 45 95 42 51 95 135 102 49
85 55 84 51 45 95 45 51 95 135 95 87
55 55 55 51 45 95 45 87 95 135 95 51
115 55 114 51 45 95 45 51 95 135 95 51
95 55 94 51 45 95 45 51 95 135 94 87
95 55 95 51 45 95 44 51 75 135 76 60
105 55 105 51 45 95 44 51 75 135 84 65
115 55 115 51 45 95 44 51 75 135 105 72
45 55 45 51 45 95 45 87 65 135 65 97
105 55 105 51 45 95 44 51 65 135 71 77
85 55 85 51 45 95 44 51 65 135 62 68
55 55 55 51 45 95 46 87 65 135 66 97
115 55 114 51 45 95 44 51 65 135 71 77
95 55 95 51 45 95 44 51 65 135 71 77
125 55 124 51 45 95 44 51 65 135 71 77
125 55 125 51 45 95 44 51 75 135 126 66
125 55 124 51 45 95 45 51 85 135 85 51
125 55 124 51 45 95 45 51 125 135 124 88
125 55 124 51 45 95 45 51 135 135 135 87
125 55 124 51 45 95 45 51 105 135 105 51
125 55 124 51 45 95 45 51 95 135 95 51
125 55 124 51 45 95 44 51 55 135 56 60
125 55 124 51 125 95 124 87 55 135 55 51
125 55 124 51 55 95 55 51 55 135 55 58
125 55 124 51 85 95 84 51 55 135 55 51
125 55 124 51 135 95 134 87 55 135 55 51
125 55 124 51 75 95 74 51 55 135 55 51
125 55 124 51 75 95 74 51 45 135 45 51
125 55 124 51 75 95 74 51 125 135 124 88
125 55 124 51 135 95 134 87 45 135 45 51
125 55 124 51 135 95 134 87 125 135 61 67
125 55 124 51 85 95 84 51 125 135 124 88
125 55 124 51 85 95 84 51 45 135 45 51
125 55 124 51 55 95 54 51 125 135 124 88
125 55 125 51 125 95 124 87 125 135 124 98
125 55 124 51 125 95 124 87 45 135 45 51
125 55 124 51 65 95 64 51 45 135 45 51
125 55 124 51 65 95 64 51 125 135 124 88
125 55 124 51 65 95 64 51 75 135 75 60
125 55 124 51 125 95 124 87 75 135 75 51
125 55 124 51 55 95 54 51 75 135 80 76
125 55 124 51 135 95 134 87 75 135 75 51
125 55 124 51 75 95 75 51 75 135 75 58
125 55 124 51 75 95 74 51 95 135 100 76
125 55 124 51 135 95 134 87 95 135 95 51
125 55 124 51 85 95 84 51 95 135 95 60
125 55 124 51 55 95 54 51 95 135 95 51
125 55 124 51 125 95 124 87 95 135 95 51
125 55 125 51 65 95 64 51 95 135 104 66
125 55 125 51 115 95 114 87 95 135 95 51
125 55 125 51 115 95 114 87 125 135 124 98
125 55 125 51 115 95 114 87 45 135 45 51
125 55 125 51 115 95 114 87 75 135 75 51
125 55 125 51 115 95 114 87 55 135 55 51
125 55 124 51 125 95 124 87 105 135 105 51
125 55 125 51 75 95 74 51 105 135 105 60
125 55 124 51 85 95 84 51 105 135 103 68
125 55 124 51 135 95 134 87 105 135 105 51
125 55 124 51 55 95 54 51 105 135 105 51
125 55 124 51 65 95 64 51 105 135 105 51
125 55 124 51 65 95 64 51 135 135 135 87
125 55 124 51 55 95 54 51 135 135 135 87
125 55 124 51 135 95 134 87 135 135 134 98
125 55 124 51 85 95 84 51 135 135 135 87
125 55 124 51 75 95 74 51 135 135 135 87
125 55 124 51 125 95 124 87 135 135 134 97
125 55 125 51 115 95 114 87 135 135 135 97
105 55 104 51 115 95 114 87 135 135 135 104
55 55 55 51 115 95 114 51 135 135 135 65
115 55 114 51 115 95 114 87 135 135 135 97
75 55 75 51 115 95 114 51 135 135 135 65
65 55 65 51 115 95 114 51 135 135 135 65
75 55 75 51 125 95 124 51 135 135 134 62
85 55 85 51 125 95 124 51 135 135 134 62
65 55 65 51 125 95 124 51 135 135 134 62
55 55 55 51 125 95 124 51 135 135 134 62
115 55 114 51 125 95 124 87 135 135 135 97
115 55 114 51 125 95 124 87 125 135 124 98
115 55 114 51 125 95 124 87 45 135 45 51
115 55 114 51 125 95 124 87 105 135 52 48
115 55 115 51 115 95 114 87 45 135 45 51
115 55 115 51 115 95 114 87 125 135 125 97
115 55 115 51 115 95 115 87 105 135 51 47
115 55 115 51 105 95 105 87 105 135 104 97
115 55 115 51 105 95 105 87 125 135 125 97
115 55 115 51 105 95 105 87 45 135 45 51
105 55 105 51 105 95 105 87 45 135 45 51
105 55 104 51 105 95 104 87 125 135 124 98
65 55 65 51 105 95 104 51 45 135 45 51
65 55 65 51 105 95 104 51 125 135 130 76
65 55 65 51 125 95 125 51 45 135 45 51
65 55 65 51 125 95 125 51 125 135 125 59
135 55 135 51 125 95 124 87 125 135 127 108
85 55 85 51 125 95 125 51 125 135 125 59
85 55 85 51 125 95 125 51 45 135 45 51
75 55 75 51 125 95 125 51 45 135 45 51
75 55 75 51 125 95 125 51 125 135 125 59
75 55 75 51 115 95 114 51 125 135 125 60
75 55 75 51 115 95 114 51 45 135 45 51
105 55 104 51 115 95 114 87 45 135 45 51
105 55 104 51 115 95 114 87 125 135 123 98
65 55 65 51 115 95 114 51 45 135 45 51
65 55 65 51 115 95 114 51 125 135 125 60
55 55 55 51 115 95 114 51 125 135 125 60
55 55 55 51 125 95 125 51 125 135 125 59
55 55 55 51 105 95 104 51 125 135 130 76
55 55 55 51 105 95 105 51 105 135 105 58
105 55 105 51 105 95 105 87 105 135 104 98
65 55 65 51 105 95 105 51 105 135 105 58
65 55 65 51 125 95 125 51 105 135 105 51
85 55 85 51 125 95 125 51 105 135 105 87
55 55 55 51 125 95 125 51 105 135 105 51
55 55 54 51 115 95 115 51 105 135 109 50
65 55 64 51 115 95 115 51 105 135 105 57
65 55 64 51 115 95 114 51 75 135 75 87
105 55 104 51 115 95 114 87 75 135 75 51
115 55 115 51 115 95 114 87 75 135 75 51
55 55 55 51 115 95 114 51 75 135 75 87
75 55 74 51 115 95 114 51 75 135 74 87
65 55 64 51 125 95 125 51 75 135 75 87
115 55 114 51 125 95 124 87 75 135 75 51
75 55 74 51 125 95 125 51 75 135 74 87
55 55 55 51 125 95 125 51 75 135 75 87
55 55 55 51 105 95 104 51 75 135 75 87
105 55 105 51 105 95 105 87 75 135 75 51
115 55 115 51 105 95 105 87 75 135 75 51
65 55 64 51 105 95 104 51 75 135 75 87
85 55 84 51 95 95 94 87 135 135 135 51
85 55 84 51 95 95 94 87 45 135 45 51
105 55 105 51 95 95 95 87 45 135 45 51
105 55 105 51 95 95 95 87 75 135 75 51
105 55 105 51 95 95 96 87 105 135 107 96
85 55 84 51 95 95 94 87 105 135 105 97
75 55 75 51 95 95 159 61 75 135 75 87
75 55 75 51 95 95 159 61 45 135 45 51
55 55 55 51 95 95 94 51 135 135 135 51
55 55 55 51 95 95 94 51 75 135 75 87
55 55 55 51 95 95 94 51 105 135 105 60
85 55 85 51 75 95 75 87 135 135 135 51
85 55 85 51 75 95 76 87 75 135 76 96
85 55 85 51 75 95 75 87 125 135 124 51
85 55 85 51 75 95 76 87 45 135 45 51
115 55 115 51 75 95 75 51 105 135 48 47
115 55 114 51 75 95 75 51 75 135 75 58
115 55 114 51 75 95 74 51 125 135 125 87
115 55 114 51 75 95 74 51 45 135 45 51
115 55 115 51 75 95 74 51 135 135 135 87
75 55 75 51 75 95 75 87 135 135 135 51
75 55 75 51 75 95 75 87 75 135 76 97
75 55 75 51 75 95 75 87 125 135 124 51
75 55 75 51 75 95 75 87 45 135 45 51
65 55 64 51 75 95 74 87 75 135 73 98
65 55 64 51 75 95 74 87 125 135 124 51
65 55 64 51 75 95 74 87 45 135 45 51
65 55 64 51 75 95 74 87 135 135 135 51
65 55 65 51 85 95 149 61 45 135 45 51
85 55 84 51 85 95 85 87 105 135 106 97
85 55 85 51 85 95 85 87 125 135 124 51
85 55 85 51 85 95 85 87 45 135 45 51
85 55 85 51 85 95 85 87 135 135 135 51
75 55 74 51 85 95 84 87 135 135 135 51
75 55 74 51 85 95 84 87 125 135 124 51
75 55 74 51 85 95 84 87 45 135 45 51
75 55 74 51 85 95 84 87 105 135 105 102
55 55 55 51 85 95 155 61 75 135 74 88
65 55 65 51 55 95 56 87 105 135 105 51
65 55 65 51 55 95 56 87 75 135 76 97
65 55 65 51 55 95 56 87 125 135 124 51
65 55 65 51 55 95 56 87 135 135 135 51
105 55 105 51 55 95 54 51 75 135 80 76
105 55 105 51 55 95 54 51 125 135 125 87
105 55 104 51 55 95 54 51 105 135 104 87
115 55 115 51 55 95 53 51 105 135 112 49
115 55 114 51 55 95 54 51 75 135 80 76
115 55 114 51 55 95 54 51 125 135 125 87
115 55 115 51 55 95 54 51 135 135 135 87
55 55 55 51 55 95 55 87 135 135 135 51
55 55 54 51 55 95 55 87 75 135 76 97
55 55 55 51 55 95 55 87 125 135 124 51
55 55 55 51 55 95 55 87 105 135 105 51
55 55 55 51 55 95 55 87 95 135 95 51
55 55 55 51 95 95 95 51 95 135 95 58
105 55 105 51 95 95 95 87 95 135 95 96
85 55 84 51 95 95 94 87 95 135 93 98
115 55 114 51 55 95 54 51 95 135 95 51
75 55 75 51 125 95 125 51 95 135 95 87
85 55 84 51 125 95 125 51 95 135 95 87
115 55 114 51 125 95 124 87 95 135 95 51
55 55 55 51 125 95 125 51 95 135 95 51
55 55 54 51 105 95 105 51 95 135 95 57
75 55 74 51 75 95 75 87 95 135 96 97
85 55 85 51 75 95 76 87 95 135 96 97
115 55 114 51 75 95 74 51 95 135 92 68
55 55 54 51 85 95 156 61 95 135 92 69
85 55 85 51 85 95 85 87 95 135 96 97
75 55 74 51 85 95 84 87 95 135 95 97
75 55 75 51 115 95 114 51 95 135 95 87
115 55 115 51 115 95 114 87 95 135 95 51
55 55 55 51 115 95 114 51 95 135 95 51
65 55 64 51 125 95 124 51 95 135 146 78
65 55 64 51 75 95 74 87 95 135 95 102
65 55 65 51 55 95 55 87 55 135 55 96
105 55 104 51 115 95 114 87 55 135 55 51
115 55 115 51 115 95 114 87 55 135 55 51
75 55 75 51 115 95 114 51 55 135 55 51
55 55 54 51 115 95 114 51 55 135 54 87
55 55 55 51 55 95 55 87 55 135 56 97
55 55 54 51 95 95 94 51 55 135 54 87
105 55 105 51 95 95 95 87 55 135 55 51
85 55 84 51 95 95 94 87 55 135 55 51
105 55 105 51 55 95 55 51 55 135 55 58
115 55 114 51 55 95 55 51 55 135 55 58
75 55 75 51 95 95 159 61 55 135 55 51
105 55 105 51 105 95 105 87 55 135 55 51
115 55 115 51 105 95 105 87 55 135 55 51
55 55 54 51 105 95 104 51 55 135 54 87
55 55 54 51 125 95 125 51 55 135 54 87
85 55 85 51 125 95 125 51 55 135 55 51
115 55 114 51 125 95 124 87 55 135 55 51
75 55 75 51 125 95 125 51 55 135 55 51
75 55 74 51 85 95 84 87 55 135 55 51
85 55 85 51 85 95 85 87 55 135 55 51
55 55 54 51 85 95 155 61 55 135 54 87
55 55 55 51 75 95 139 61 55 135 55 87
85 55 85 51 75 95 75 87 55 135 55 51
115 55 114 51 75 95 74 51 55 135 55 51
75 55 75 51 75 95 75 87 55 135 55 51
75 55 75 51 65 95 66 87 75 135 77 96
75 55 75 51 65 95 65 87 125 135 124 51
75 55 75 51 65 95 66 87 45 135 45 51
75 55 75 51 65 95 65 87 135 135 135 51
105 55 105 51 65 95 64 51 75 135 75 60
105 55 105 51 65 95 64 51 125 135 125 87
105 55 105 51 65 95 64 51 45 135 45 51
105 55 104 51 65 95 64 51 105 135 104 87
115 55 115 51 65 95 64 51 95 135 95 60
115 55 114 51 65 95 64 51 75 135 75 60
115 55 114 51 65 95 64 51 125 135 125 87
115 55 114 51 65 95 64 51 45 135 45 51
115 55 115 51 65 95 65 51 105 135 50 48
115 55 115 51 65 95 64 51 135 135 135 87
55 55 54 51 65 95 64 87 135 135 135 51
55 55 54 51 65 95 64 87 75 135 73 98
55 55 54 51 65 95 64 87 125 135 124 51
55 55 54 51 65 95 64 87 105 135 105 51
65 55 65 51 65 95 65 87 75 135 76 97
65 55 65 51 65 95 65 87 125 135 124 51
65 55 65 51 65 95 65 87 45 135 45 51
65 55 65 51 65 95 65 87 105 135 105 51
65 55 65 51 65 95 65 87 135 135 135 51
65 55 64 51 65 95 65 87 85 135 86 97
65 55 65 51 125 95 125 51 85 135 85 87
65 55 65 51 115 95 114 51 85 135 85 87
65 55 65 51 105 95 104 51 85 135 85 87
65 55 64 51 75 95 74 87 85 135 85 97
85 55 85 51 75 95 76 87 85 135 87 96
115 55 114 51 75 95 74 51 85 135 85 60
75 55 75 51 75 95 75 87 85 135 86 97
125 55 124 51 75 95 74 51 85 135 85 60
55 55 54 51 65 95 64 87 85 135 85 103
105 55 105 51 65 95 64 51 85 135 82 68
105 55 105 51 55 95 54 51 85 135 85 60
115 55 114 51 65 95 64 51 85 135 90 76
115 55 115 51 55 95 54 51 85 135 94 65
75 55 75 51 65 95 66 87 85 135 86 97
125 55 124 51 65 95 64 51 85 135 90 76
125 55 125 51 55 95 54 51 85 135 114 72
125 55 124 51 135 95 134 87 85 135 85 51
105 55 105 51 105 95 105 87 85 135 85 51
115 55 115 51 105 95 105 87 85 135 85 51
55 55 54 51 115 95 115 51 85 135 136 78
105 55 104 51 115 95 114 87 85 135 85 51
115 55 115 51 115 95 114 87 85 135 85 51
75 55 74 51 115 95 114 51 85 135 85 87
125 55 125 51 115 95 114 87 85 135 85 51
125 55 124 51 85 95 85 51 85 135 85 58
85 55 85 51 85 95 85 87 85 135 86 97
75 55 74 51 85 95 84 87 85 135 84 98
55 55 55 51 85 95 160 61 85 135 90 52
55 55 54 51 125 95 126 51 85 135 118 72
85 55 84 51 125 95 125 51 85 135 84 87
115 55 114 51 125 95 124 87 85 135 85 51
75 55 74 51 125 95 125 51 85 135 85 87
125 55 124 51 125 95 124 87 85 135 85 51
125 55 124 51 125 95 124 87 65 135 65 51
85 55 85 51 125 95 125 51 65 135 65 51
115 55 114 51 125 95 124 87 65 135 65 51
55 55 54 51 125 95 125 51 65 135 65 87
55 55 54 51 65 95 64 87 65 135 64 98
55 55 55 51 55 95 55 87 65 135 66 97
55 55 54 51 95 95 94 51 65 135 65 87
105 55 105 51 95 95 95 87 65 135 65 51
85 55 84 51 95 95 94 87 65 135 65 51
105 55 105 51 65 95 65 51 65 135 65 58
105 55 105 51 55 95 54 51 65 135 65 60
115 55 114 51 55 95 54 51 65 135 65 60
115 55 114 51 65 95 65 51 65 135 65 58
75 55 75 51 65 95 65 87 65 135 65 96
125 55 124 51 65 95 65 51 65 135 65 58
125 55 124 51 55 95 54 51 65 135 65 60
125 55 124 51 135 95 134 87 65 135 65 51
55 55 54 51 115 95 114 51 65 135 65 87
105 55 104 51 115 95 114 87 65 135 65 51
115 55 115 51 115 95 114 87 65 135 65 51
125 55 125 51 115 95 114 87 65 135 65 51
105 55 105 51 105 95 105 87 65 135 65 51
115 55 115 51 105 95 105 87 65 135 65 51
55 55 54 51 105 95 104 51 65 135 65 87
55 55 55 51 85 95 155 61 65 135 65 87
85 55 85 51 85 95 85 87 65 135 65 51
125 55 124 51 85 95 84 51 65 135 65 51
65 55 65 51 85 95 149 61 65 135 65 87
65 55 65 51 65 95 65 87 65 135 66 97
65 55 65 51 55 95 56 87 65 135 67 96
65 55 64 51 105 95 104 51 65 135 64 87
65 55 64 51 125 95 125 51 65 135 64 87
65 55 64 51 115 95 114 51 65 135 64 87
45 55 45 51 115 95 114 51 65 135 65 87
45 55 44 51 115 95 116 51 75 135 109 72
45 55 45 51 115 95 114 51 125 135 125 60
45 55 44 51 115 95 114 51 45 135 44 87
45 55 45 51 115 95 114 51 85 135 85 51
45 55 45 51 115 95 114 51 55 135 54 87
45 55 44 51 115 95 115 51 105 135 103 63
45 55 45 51 115 95 114 51 95 135 95 51
45 55 45 51 115 95 114 51 135 135 135 65
45 55 44 51 65 95 130 61 135 135 135 51
45 55 44 51 55 95 55 87 135 135 135 51
45 55 44 51 65 95 130 61 45 135 46 86
45 55 44 51 55 95 55 87 105 135 105 51
45 55 44 51 55 95 54 87 75 135 75 102
45 55 44 51 55 95 55 87 125 135 124 51
45 55 44 51 55 95 55 87 55 135 54 98
45 55 44 51 55 95 54 87 65 135 65 97
45 55 44 51 55 95 55 87 95 135 95 51
45 55 45 51 95 95 95 51 95 135 95 58
45 55 44 51 95 95 94 51 75 135 167 54
45 55 45 51 95 95 94 51 55 135 54 87
45 55 44 51 95 95 94 51 45 135 44 87
45 55 44 51 95 95 95 51 85 135 85 57
45 55 45 51 95 95 94 51 65 135 65 87
45 55 45 51 95 95 94 51 135 135 135 51
45 55 45 51 95 95 94 51 105 135 105 60
45 55 45 51 125 95 125 51 105 135 105 51
45 55 44 51 125 95 126 51 75 135 126 68
45 55 45 51 125 95 125 51 125 135 125 59
45 55 45 51 125 95 125 51 55 135 54 87
45 55 44 51 125 95 125 51 45 135 44 87
45 55 45 51 125 95 125 51 85 135 85 51
45 55 45 51 125 95 125 51 65 135 65 87
45 55 45 51 125 95 124 51 135 135 134 62
45 55 45 51 125 95 125 51 95 135 95 51
45 55 44 51 75 95 149 61 75 135 80 53
45 55 44 51 75 95 144 61 55 135 54 87
45 55 44 51 75 95 144 61 45 135 44 87
45 55 44 51 75 95 146 61 85 135 81 68
45 55 44 51 75 95 144 61 65 135 65 87
45 55 45 51 105 95 105 51 105 135 105 58
45 55 44 51 105 95 105 51 75 135 131 75
45 55 45 51 105 95 104 51 125 135 130 76
45 55 45 51 105 95 104 51 55 135 54 87
45 55 44 51 105 95 104 51 45 135 44 87
45 55 45 51 105 95 104 51 85 135 85 51
45 55 45 51 105 95 104 51 65 135 65 87
45 55 44 51 105 95 105 51 95 135 99 50
45 55 45 51 85 95 84 51 95 135 95 60
45 55 45 51 85 95 84 51 125 135 124 51
45 55 45 51 85 95 84 51 55 135 54 87
45 55 44 51 85 95 84 51 45 135 44 87
45 55 45 51 85 95 85 51 85 135 85 58
45 55 45 51 85 95 84 51 65 135 65 87
45 55 45 51 85 95 84 51 135 135 135 51
45 55 45 51 85 95 84 51 105 135 110 76
95 55 95 51 85 95 86 87 105 135 106 97
95 55 95 51 85 95 85 87 55 135 55 51
95 55 95 51 85 95 86 87 45 135 45 51
95 55 95 51 85 95 85 87 85 135 85 96
95 55 95 51 85 95 86 87 65 135 65 51
95 55 95 51 85 95 85 87 135 135 135 51
95 55 95 51 55 95 54 51 135 135 135 51
95 55 95 51 55 95 54 51 75 135 72 68
95 55 95 51 55 95 55 51 55 135 55 58
95 55 95 51 55 95 54 51 65 135 65 60
95 55 95 51 95 95 95 87 65 135 65 51
95 55 95 51 95 95 95 87 75 135 75 51
95 55 95 51 95 95 95 87 55 135 55 51
95 55 95 51 95 95 95 87 45 135 45 51
95 55 95 51 95 95 95 87 135 135 135 51
95 55 95 51 95 95 95 87 105 135 105 97
95 55 94 51 55 95 54 51 105 135 105 87
95 55 94 51 105 95 104 87 105 135 103 98
95 55 94 51 105 95 104 87 75 135 75 51
95 55 94 51 105 95 104 87 125 135 125 103
95 55 94 51 105 95 104 87 55 135 55 51
95 55 94 51 105 95 104 87 45 135 45 51
95 55 94 51 105 95 104 87 65 135 65 51
95 55 94 51 55 95 54 51 95 135 94 87
95 55 95 51 95 95 95 87 95 135 94 98
95 55 95 51 85 95 86 87 95 135 97 96
125 55 124 51 85 95 85 51 115 135 59 59
55 55 54 51 65 95 64 87 115 135 115 51
55 55 55 51 55 95 55 87 115 135 115 51
55 55 55 51 45 95 46 87 115 135 115 51
55 55 55 51 95 95 94 51 115 135 120 76
105 55 105 51 95 95 96 87 115 135 116 97
45 55 45 51 95 95 94 51 115 135 120 76
95 55 94 51 95 95 94 87 115 135 114 98
85 55 84 51 95 95 94 87 115 135 115 102
105 55 104 51 65 95 64 51 115 135 115 87
105 55 104 51 55 95 54 51 115 135 115 87
45 55 44 51 55 95 55 87 115 135 115 51
95 55 95 51 55 95 54 51 115 135 115 87
95 55 95 51 45 95 45 51 115 135 115 87
105 55 104 51 45 95 45 51 115 135 115 87
45 55 44 51 45 95 44 87 115 135 115 51
115 55 114 51 45 95 45 51 115 135 114 87
115 55 114 51 65 95 64 51 115 135 114 87
115 55 114 51 55 95 54 51 115 135 114 87
75 55 75 51 65 95 66 87 115 135 115 51
125 55 125 51 65 95 63 51 115 135 122 49
125 55 124 51 55 95 53 51 115 135 110 66
125 55 124 51 45 95 43 51 115 135 88 72
125 55 124 51 135 95 134 87 115 135 63 50
125 55 124 51 125 95 124 87 115 135 62 48
45 55 44 51 125 95 125 51 115 135 93 72
115 55 114 51 125 95 124 87 115 135 51 64
75 55 74 51 125 95 125 51 115 135 115 57
55 55 54 51 125 95 125 51 115 135 113 63
55 55 55 51 105 95 104 51 115 135 115 60
105 55 105 51 105 95 105 87 115 135 115 97
45 55 45 51 105 95 104 51 115 135 115 60
95 55 94 51 105 95 104 87 115 135 113 98
115 55 115 51 105 95 105 87 115 135 114 98
75 55 75 51 75 95 75 87 115 135 115 51
115 55 114 51 75 95 74 51 115 135 114 87
125 55 124 51 75 95 75 51 115 135 60 58
55 55 55 51 115 95 115 51 115 135 115 58
105 55 104 51 115 95 114 87 115 135 113 98
45 55 45 51 115 95 115 51 115 135 115 58
115 55 115 51 115 95 115 87 115 135 114 98
75 55 75 51 115 95 115 51 115 135 115 58
125 55 125 51 115 95 114 87 115 135 114 97
65 55 65 51 115 95 115 51 115 135 115 58
65 55 65 51 65 95 65 87 115 135 115 51
65 55 65 51 55 95 55 87 115 135 115 51
65 55 65 51 125 95 125 51 115 135 119 50
65 55 65 51 105 95 104 51 115 135 115 60
65 55 64 51 75 95 74 87 115 135 115 51
