125 55 125 51 85 95 85 51 85 135 85 69
45 55 44 51 85 95 85 51 85 135 85 69
85 55 85 51 85 95 88 57 85 135 134 49
65 55 64 51 85 95 94 75 85 135 36 43
75 55 74 51 85 95 89 69 85 135 42 65
105 55 104 51 85 95 85 51 85 135 85 69
115 55 114 51 85 95 85 51 85 135 85 69
45 55 44 51 85 95 85 51 105 135 105 51
105 55 105 51 85 95 85 51 105 135 104 61
115 55 115 51 85 95 36 65 105 135 74 72
65 55 64 51 85 95 85 60 105 135 105 51
85 55 85 51 85 95 84 61 105 135 106 60
85 55 85 51 85 95 84 61 125 135 124 51
45 55 44 51 85 95 85 51 125 135 124 51
105 55 105 51 85 95 85 51 125 135 126 60
75 55 74 51 85 95 84 61 125 135 124 51
115 55 114 51 85 95 85 51 125 135 125 61
65 55 64 51 85 95 85 60 125 135 124 51
45 55 44 51 85 95 85 51 135 135 135 51
75 55 74 51 85 95 84 61 135 135 135 51
115 55 114 51 85 95 85 51 135 135 136 60
65 55 64 51 85 95 85 60 135 135 135 51
85 55 85 51 85 95 84 61 135 135 135 51
125 55 125 51 85 95 85 51 105 135 105 51
125 55 124 51 85 95 85 51 135 135 134 61
125 55 124 51 85 95 85 51 125 135 124 61
125 55 124 51 75 95 75 51 125 135 124 61
125 55 124 51 95 95 95 51 125 135 124 61
125 55 124 51 45 95 45 51 125 135 124 61
125 55 124 51 55 95 55 51 125 135 124 61
125 55 124 51 65 95 65 51 125 135 124 61
45 55 45 51 65 95 65 60 125 135 124 51
105 55 105 51 65 95 65 51 125 135 126 60
115 55 114 51 65 95 65 51 125 135 125 61
45 55 44 51 125 95 124 51 125 135 124 69
105 55 104 51 125 95 134 75 125 135 75 49
75 55 74 51 125 95 124 51 125 135 124 69
115 55 115 51 125 95 128 70 125 135 84 66
115 55 114 51 55 95 55 51 125 135 125 61
45 55 44 51 55 95 55 61 125 135 124 51
105 55 105 51 55 95 55 51 125 135 126 60
75 55 74 51 55 95 55 51 125 135 124 51
45 55 45 51 45 95 44 61 125 135 124 51
105 55 105 51 45 95 45 51 125 135 126 60
75 55 74 51 45 95 45 51 125 135 124 51
115 55 114 51 45 95 45 51 125 135 125 61
115 55 114 51 95 95 95 51 125 135 125 61
45 55 44 51 95 95 95 51 125 135 124 51
75 55 74 51 95 95 95 60 125 135 124 51
115 55 114 51 75 95 75 51 125 135 125 61
45 55 44 51 75 95 134 48 125 135 172 51
105 55 105 51 75 95 75 51 125 135 126 60
75 55 75 51 75 95 74 61 125 135 124 51
95 55 94 51 75 95 75 51 75 135 75 69
95 55 94 51 75 95 75 51 135 135 135 51
95 55 94 51 135 95 135 51 135 135 135 69
95 55 94 51 115 95 115 60 135 135 135 51
95 55 94 51 55 95 55 51 135 135 135 51
95 55 94 51 55 95 55 51 55 135 55 69
95 55 95 51 55 95 40 44 85 135 58 72
95 55 94 51 55 95 55 51 75 135 75 51
95 55 95 51 95 95 94 61 135 135 135 51
95 55 94 51 45 95 45 51 135 135 135 51
95 55 94 51 45 95 45 51 65 135 65 51
95 55 94 51 45 95 45 51 75 135 75 51
95 55 94 51 65 95 65 51 65 135 65 69
95 55 94 51 65 95 65 51 135 135 135 51
45 55 45 51 65 95 65 60 85 135 85 51
105 55 104 51 65 95 65 51 85 135 85 51
115 55 114 51 65 95 65 51 85 135 85 51
125 55 125 51 65 95 65 51 85 135 85 51
125 55 125 51 45 95 45 51 85 135 85 51
45 55 45 51 45 95 44 61 85 135 85 51
105 55 104 51 45 95 45 51 85 135 85 51
75 55 74 51 45 95 45 51 85 135 85 61
115 55 114 51 45 95 45 51 85 135 85 51
115 55 114 51 55 95 55 51 85 135 85 51
45 55 44 51 55 95 55 61 85 135 85 51
105 55 104 51 55 95 55 51 85 135 85 51
75 55 74 51 55 95 55 51 85 135 85 61
125 55 125 51 55 95 55 51 85 135 85 51
125 55 125 51 55 95 55 51 55 135 55 69
125 55 124 51 55 95 55 51 135 135 134 61
125 55 124 51 135 95 136 66 135 135 130 78
125 55 125 51 115 95 61 48 135 135 135 60
125 55 124 51 95 95 95 51 135 135 134 61
125 55 124 51 75 95 75 51 135 135 134 61
125 55 124 51 45 95 45 51 135 135 134 61
125 55 125 51 45 95 45 51 65 135 65 51
125 55 125 51 65 95 65 51 65 135 65 69
125 55 124 51 65 95 65 51 135 135 134 61
45 55 45 51 65 95 65 60 135 135 135 51
105 55 104 51 65 95 65 51 65 135 65 69
45 55 45 51 45 95 48 59 65 135 70 58
105 55 104 51 45 95 45 51 65 135 65 51
45 55 45 51 45 95 44 61 135 135 135 51
75 55 74 51 45 95 45 51 135 135 135 51
75 55 74 51 135 95 135 51 135 135 135 69
45 55 44 51 135 95 135 51 135 135 135 69
75 55 75 51 75 95 74 61 135 135 135 51
75 55 74 51 55 95 55 51 135 135 135 51
75 55 74 51 55 95 55 51 55 135 55 69
45 55 45 51 55 95 56 67 55 135 36 76
105 55 104 51 55 95 55 51 55 135 55 69
45 55 44 51 55 95 55 61 135 135 135 51
45 55 44 51 95 95 95 51 135 135 135 51
75 55 74 51 95 95 95 60 135 135 135 51
75 55 74 51 115 95 115 51 135 135 135 51
45 55 44 51 115 95 115 51 135 135 135 51
115 55 115 51 115 95 114 61 135 135 136 60
115 55 114 51 75 95 75 51 135 135 136 60
115 55 114 51 135 95 144 75 135 135 85 48
115 55 114 51 95 95 95 51 135 135 136 60
115 55 114 51 55 95 55 51 135 135 136 60
115 55 114 51 55 95 55 51 55 135 55 69
115 55 114 51 45 95 45 51 65 135 65 51
115 55 114 51 45 95 45 51 135 135 136 60
115 55 114 51 65 95 65 51 135 135 136 60
115 55 114 51 65 95 65 51 65 135 65 69
75 55 75 51 75 95 78 57 75 135 124 49
75 55 75 51 55 95 55 51 75 135 74 61
75 55 75 51 45 95 45 51 75 135 74 61
115 55 114 51 45 95 45 51 75 135 75 51
105 55 104 51 45 95 45 51 75 135 75 51
125 55 125 51 45 95 45 51 75 135 75 51
125 55 125 51 75 95 75 51 75 135 75 69
115 55 114 51 75 95 75 51 75 135 75 69
105 55 104 51 75 95 75 51 75 135 75 69
105 55 104 51 55 95 55 51 75 135 75 51
115 55 114 51 55 95 55 51 75 135 75 51
125 55 125 51 55 95 55 51 75 135 75 51
45 55 44 51 105 95 105 51 135 135 135 51
115 55 114 51 105 95 52 48 135 135 136 60
125 55 124 51 105 95 105 51 135 135 134 61
125 55 124 51 105 95 105 51 125 135 124 61
45 55 44 51 105 95 105 51 125 135 124 51
115 55 115 51 105 95 52 47 125 135 125 61
105 55 105 51 105 95 104 61 125 135 126 60
95 55 94 51 105 95 104 61 135 135 135 51
95 55 94 51 105 95 109 69 105 135 62 65
95 55 94 51 75 95 75 51 105 135 105 61
95 55 94 51 55 95 55 51 105 135 105 61
95 55 94 51 45 95 45 51 105 135 105 61
45 55 45 51 45 95 44 61 105 135 105 51
115 55 114 51 45 95 49 42 105 135 50 54
105 55 105 51 45 95 45 51 105 135 104 61
125 55 125 51 45 95 45 51 105 135 105 51
125 55 125 51 105 95 105 51 105 135 105 69
125 55 125 51 75 95 75 51 105 135 105 51
125 55 125 51 95 95 36 54 105 135 103 57
105 55 105 51 105 95 108 57 105 135 155 42
105 55 105 51 75 95 75 51 105 135 104 61
45 55 44 51 75 95 138 50 105 135 155 70
115 55 114 51 75 95 74 60 105 135 78 72
45 55 44 51 105 95 105 51 105 135 105 69
115 55 114 51 55 95 58 50 105 135 55 62
45 55 44 51 55 95 55 61 105 135 105 51
105 55 105 51 55 95 55 51 105 135 104 61
125 55 125 51 55 95 55 51 105 135 105 51
45 55 45 51 65 95 65 60 105 135 105 51
115 55 114 51 65 95 67 55 105 135 65 69
105 55 105 51 65 95 65 51 105 135 104 61
125 55 125 51 65 95 65 51 105 135 105 51
95 55 94 51 65 95 65 51 105 135 105 61
95 55 95 51 65 95 65 51 95 135 94 61
45 55 45 51 65 95 65 60 95 135 95 51
115 55 114 51 65 95 65 51 95 135 95 51
105 55 105 51 65 95 64 60 95 135 68 72
125 55 125 51 65 95 65 51 95 135 95 51
75 55 75 51 75 95 74 61 95 135 96 60
75 55 74 51 95 95 104 75 95 135 45 48
75 55 75 51 55 95 55 51 95 135 96 60
75 55 75 51 45 95 45 51 95 135 96 60
45 55 45 51 45 95 44 61 95 135 95 51
115 55 114 51 45 95 45 51 95 135 95 51
125 55 125 51 45 95 45 51 95 135 95 51
125 55 125 51 75 95 75 51 95 135 95 51
125 55 125 51 95 95 95 51 95 135 95 69
45 55 44 51 95 95 95 51 95 135 95 69
115 55 114 51 95 95 95 51 95 135 95 69
115 55 114 51 75 95 75 51 95 135 95 51
45 55 44 51 55 95 55 61 95 135 95 51
115 55 114 51 55 95 55 51 95 135 95 51
105 55 105 51 55 95 56 56 95 135 54 69
125 55 125 51 55 95 55 51 95 135 95 51
95 55 95 51 55 95 55 51 95 135 94 61
95 55 95 51 75 95 75 51 95 135 94 61
95 55 95 51 95 95 98 57 95 135 144 49
95 55 95 51 45 95 45 51 95 135 94 61
95 55 94 51 45 95 45 51 45 135 45 69
45 55 45 51 45 95 47 57 45 135 96 47
115 55 114 51 45 95 45 51 45 135 45 69
105 55 104 51 45 95 45 51 45 135 45 69
125 55 125 51 45 95 45 51 45 135 45 69
75 55 74 51 45 95 45 51 45 135 45 69
65 55 64 51 45 95 45 51 45 135 45 69
65 55 65 51 45 95 45 51 65 135 64 61
65 55 64 51 45 95 45 51 105 135 105 51
65 55 64 51 45 95 45 51 75 135 75 61
65 55 64 51 45 95 45 51 135 135 135 51
65 55 64 51 105 95 105 51 135 135 135 51
65 55 64 51 135 95 135 51 135 135 135 69
65 55 64 51 75 95 74 61 135 135 135 51
65 55 64 51 75 95 79 69 75 135 32 63
65 55 64 51 75 95 74 61 105 135 105 51
65 55 64 51 105 95 105 51 105 135 105 69
65 55 64 51 105 95 105 51 125 135 124 51
65 55 64 51 75 95 74 61 125 135 124 51
65 55 64 51 45 95 45 51 125 135 124 51
65 55 65 51 45 95 45 51 85 135 86 60
65 55 65 51 65 95 64 61 85 135 86 60
65 55 65 51 65 95 67 57 65 135 117 48
65 55 65 51 65 95 64 61 105 135 105 51
65 55 65 51 65 95 64 61 135 135 135 51
65 55 65 51 65 95 64 61 125 135 124 51
65 55 64 51 115 95 115 51 135 135 135 51
65 55 64 51 125 95 124 51 125 135 124 69
85 55 84 51 125 95 124 51 125 135 124 69
85 55 84 51 105 95 105 60 135 135 135 51
85 55 84 51 95 95 94 61 135 135 135 51
85 55 84 51 55 95 55 51 135 135 135 51
85 55 84 51 55 95 55 51 55 135 55 69
85 55 84 51 55 95 55 51 95 135 95 61
85 55 85 51 55 95 55 51 105 135 106 60
85 55 84 51 105 95 114 75 105 135 55 49
85 55 85 51 95 95 99 69 95 135 52 65
85 55 84 51 45 95 45 51 95 135 95 61
85 55 84 51 45 95 45 51 65 135 65 51
85 55 84 51 45 95 45 51 45 135 45 69
85 55 85 51 45 95 45 51 105 135 106 60
85 55 84 51 45 95 45 51 135 135 135 51
85 55 84 51 45 95 45 51 125 135 124 51
85 55 84 51 105 95 105 60 125 135 124 51
85 55 84 51 95 95 94 61 125 135 124 51
85 55 84 51 55 95 55 51 125 135 124 51
85 55 85 51 55 95 55 51 85 135 84 61
85 55 85 51 45 95 45 51 85 135 84 61
85 55 85 51 65 95 65 51 85 135 84 61
85 55 84 51 65 95 65 51 65 135 65 69
85 55 84 51 65 95 65 51 95 135 95 61
85 55 85 51 65 95 65 51 105 135 106 60
85 55 84 51 65 95 65 51 135 135 135 51
85 55 84 51 65 95 65 51 125 135 124 51
85 55 84 51 135 95 135 51 135 135 135 69
55 55 54 51 135 95 135 51 135 135 135 69
55 55 54 51 105 95 105 51 135 135 135 51
55 55 54 51 75 95 75 60 135 135 135 51
55 55 54 51 95 95 95 51 135 135 135 51
55 55 55 51 55 95 54 61 135 135 135 51
55 55 55 51 55 95 58 57 55 135 104 49
55 55 55 51 55 95 54 61 95 135 95 51
55 55 55 51 55 95 54 61 105 135 105 51
55 55 55 51 55 95 54 61 75 135 76 60
55 55 54 51 75 95 75 60 95 135 95 51
55 55 54 51 75 95 75 60 105 135 105 51
55 55 54 51 105 95 105 51 105 135 105 69
55 55 54 51 95 95 95 51 95 135 95 69
55 55 54 51 105 95 105 51 125 135 124 51
55 55 54 51 75 95 75 60 125 135 124 51
55 55 54 51 95 95 95 51 125 135 124 51
55 55 55 51 55 95 54 61 125 135 124 51
55 55 54 51 65 95 64 61 105 135 105 51
55 55 54 51 65 95 64 61 95 135 95 51
55 55 54 51 65 95 64 61 135 135 135 51
55 55 54 51 65 95 64 61 125 135 124 51
55 55 54 51 115 95 115 51 135 135 135 51
55 55 54 51 125 95 124 51 125 135 124 69
115 55 115 51 75 95 75 51 115 135 114 61
45 55 44 51 75 95 137 47 115 135 159 70
55 55 54 51 75 95 75 60 115 135 115 51
65 55 64 51 75 95 74 61 115 135 115 51
105 55 104 51 75 95 75 51 115 135 115 61
45 55 44 51 95 95 95 51 115 135 115 51
55 55 54 51 95 95 95 51 115 135 115 51
115 55 115 51 95 95 95 51 115 135 114 61
115 55 115 51 55 95 55 51 115 135 114 61
45 55 44 51 55 95 55 61 115 135 115 51
55 55 55 51 55 95 54 61 115 135 115 51
105 55 104 51 55 95 55 51 115 135 115 61
105 55 104 51 85 95 85 51 115 135 115 61
45 55 44 51 85 95 85 51 115 135 115 51
55 55 55 51 85 95 146 50 115 135 171 57
65 55 64 51 85 95 85 60 115 135 115 51
115 55 115 51 85 95 85 51 115 135 114 61
115 55 115 51 45 95 45 51 115 135 114 61
45 55 45 51 45 95 44 61 115 135 115 51
65 55 64 51 45 95 45 51 115 135 115 51
105 55 104 51 45 95 45 51 115 135 115 61
75 55 74 51 45 95 45 51 115 135 115 51
75 55 75 51 75 95 74 61 115 135 115 51
75 55 74 51 95 95 95 60 115 135 115 51
75 55 74 51 55 95 55 51 115 135 115 51
75 55 74 51 85 95 84 61 115 135 115 51
95 55 95 51 75 95 75 51 115 135 116 60
95 55 95 51 95 95 94 61 115 135 116 60
95 55 95 51 55 95 55 51 115 135 116 60
95 55 95 51 45 95 45 51 115 135 116 60
125 55 124 51 45 95 46 47 115 135 60 48
125 55 124 51 75 95 77 55 115 135 75 69
125 55 124 51 95 95 46 65 115 135 86 72
125 55 124 51 55 95 57 47 115 135 60 54
125 55 124 51 85 95 84 60 115 135 89 72
125 55 124 51 65 95 68 50 115 135 65 62
45 55 45 51 65 95 65 60 115 135 115 51
55 55 54 51 65 95 64 61 115 135 115 51
65 55 65 51 65 95 64 61 115 135 115 51
115 55 115 51 65 95 65 51 115 135 114 61
105 55 104 51 65 95 65 51 115 135 115 61
95 55 95 51 65 95 65 51 115 135 116 60
95 55 94 51 115 95 124 75 115 135 65 48
45 55 44 51 115 95 115 51 115 135 115 69
55 55 54 51 115 95 115 51 115 135 115 69
65 55 64 51 115 95 115 51 115 135 115 69
105 55 104 51 115 95 119 69 115 135 72 65
75 55 74 51 115 95 115 51 115 135 115 69
