125 55 124 51 45 95 45 51 45 135 45 61
45 55 45 51 45 95 45 87 45 135 44 97
85 55 85 51 45 95 45 51 45 135 45 61
95 55 95 51 45 95 45 51 45 135 45 61
55 55 55 51 45 95 46 87 45 135 46 97
105 55 105 51 45 95 45 51 45 135 45 61
115 55 114 51 45 95 45 51 45 135 45 61
45 55 44 51 45 95 45 87 55 135 56 97
55 55 55 51 45 95 46 87 55 135 58 97
105 55 105 51 45 95 44 51 55 135 55 61
95 55 95 51 45 95 44 51 55 135 55 61
115 55 114 51 45 95 44 51 55 135 55 61
55 55 55 51 45 95 45 87 65 135 91 78
105 55 105 51 45 95 44 51 65 135 71 64
115 55 114 51 45 95 44 51 65 135 73 63
45 55 44 51 45 95 45 87 65 135 129 71
45 55 44 51 45 95 44 87 105 135 105 51
55 55 55 51 45 95 46 87 105 135 105 51
105 55 105 51 45 95 45 51 105 135 104 87
95 55 95 51 45 95 45 51 105 135 105 87
115 55 114 51 45 95 45 51 105 135 104 87
115 55 115 51 45 95 45 51 125 135 125 87
55 55 55 51 45 95 46 87 125 135 124 51
85 55 85 51 45 95 45 51 125 135 124 51
45 55 44 51 45 95 44 87 125 135 124 51
45 55 44 51 45 95 45 87 75 135 115 71
55 55 55 51 45 95 46 87 75 135 133 71
85 55 85 51 45 95 45 51 75 135 75 87
115 55 114 51 45 95 44 51 75 135 73 63
55 55 55 51 45 95 46 87 95 135 95 51
105 55 105 51 45 95 45 51 95 135 94 87
85 55 85 51 45 95 45 51 95 135 95 87
95 55 95 51 45 95 45 51 95 135 94 87
45 55 44 51 45 95 44 87 95 135 95 51
45 55 44 51 45 95 44 87 85 135 85 51
55 55 55 51 45 95 45 87 85 135 142 51
85 55 85 51 45 95 45 51 85 135 84 87
95 55 95 51 45 95 45 51 85 135 85 87
125 55 124 51 45 95 45 51 135 135 135 87
125 55 124 51 45 95 44 51 75 135 73 63
125 55 124 51 45 95 45 51 125 135 124 87
125 55 124 51 45 95 45 51 85 135 85 51
125 55 124 51 45 95 44 51 55 135 55 61
125 55 124 51 45 95 44 51 65 135 73 63
125 55 124 51 135 95 134 87 65 135 65 51
125 55 125 51 115 95 114 87 65 135 65 51
125 55 124 51 125 95 124 87 65 135 65 51
125 55 124 51 65 95 65 51 65 135 65 61
125 55 124 51 55 95 54 51 65 135 66 61
125 55 124 51 75 95 75 51 65 135 64 61
55 55 55 51 75 95 96 87 65 135 58 87
115 55 114 51 75 95 75 51 65 135 64 61
65 55 65 51 75 95 74 87 65 135 63 97
75 55 75 51 75 95 75 87 65 135 65 97
55 55 55 51 105 95 104 51 65 135 65 87
105 55 105 51 105 95 105 87 65 135 65 51
115 55 115 51 105 95 105 87 65 135 65 51
65 55 65 51 105 95 104 51 65 135 64 87
65 55 65 51 55 95 56 87 65 135 68 97
55 55 54 51 55 95 55 87 65 135 69 97
105 55 105 51 55 95 54 51 65 135 66 61
115 55 114 51 55 95 54 51 65 135 66 61
115 55 114 51 65 95 65 51 65 135 65 61
55 55 54 51 65 95 64 87 65 135 65 97
105 55 105 51 65 95 65 51 65 135 65 61
75 55 75 51 65 95 66 87 65 135 66 97
65 55 65 51 65 95 65 87 65 135 66 97
65 55 65 51 125 95 125 51 65 135 64 87
55 55 55 51 125 95 125 51 65 135 65 87
75 55 75 51 125 95 125 51 65 135 65 87
115 55 114 51 125 95 124 87 65 135 65 51
115 55 115 51 115 95 114 87 65 135 65 51
55 55 55 51 115 95 114 51 65 135 65 87
105 55 104 51 115 95 114 87 65 135 65 51
75 55 75 51 115 95 114 51 65 135 64 87
65 55 65 51 115 95 114 51 65 135 64 87
115 55 114 51 115 95 114 87 125 135 126 97
115 55 115 51 115 95 115 87 105 135 103 97
115 55 115 51 115 95 114 87 45 135 45 51
115 55 115 51 115 95 114 87 75 135 75 51
115 55 114 51 125 95 124 87 75 135 75 51
115 55 114 51 125 95 124 87 125 135 124 97
115 55 114 51 125 95 124 87 45 135 45 51
115 55 114 51 125 95 124 87 135 135 135 97
115 55 115 51 65 95 64 51 125 135 125 87
115 55 114 51 65 95 64 51 105 135 104 87
115 55 114 51 65 95 64 51 75 135 76 61
115 55 115 51 55 95 54 51 75 135 81 64
115 55 115 51 55 95 54 51 125 135 125 87
115 55 114 51 55 95 54 51 105 135 104 87
115 55 114 51 55 95 55 51 45 135 44 61
115 55 115 51 105 95 105 87 105 135 104 97
115 55 115 51 105 95 105 87 45 135 45 51
115 55 115 51 75 95 74 51 125 135 125 87
115 55 114 51 75 95 74 51 105 135 104 87
115 55 114 51 75 95 75 51 75 135 75 61
125 55 124 51 75 95 74 51 135 135 135 87
125 55 124 51 85 95 84 51 135 135 135 87
125 55 124 51 135 95 134 87 135 135 135 97
65 55 65 51 125 95 124 51 135 135 135 61
55 55 55 51 125 95 124 51 135 135 135 61
85 55 85 51 125 95 124 51 135 135 135 61
125 55 124 51 125 95 124 87 135 135 136 97
75 55 75 51 125 95 124 51 135 135 135 61
125 55 124 51 55 95 54 51 135 135 135 87
125 55 124 51 65 95 64 51 135 135 135 87
65 55 65 51 65 95 65 87 125 135 124 51
65 55 65 51 65 95 65 87 105 135 105 51
65 55 65 51 65 95 65 87 85 135 144 71
55 55 54 51 65 95 91 78 85 135 153 71
55 55 54 51 65 95 64 87 125 135 124 51
55 55 54 51 65 95 64 87 105 135 105 51
105 55 105 51 65 95 64 51 105 135 104 87
65 55 65 51 115 95 114 51 125 135 125 61
65 55 65 51 115 95 115 51 105 135 104 61
55 55 55 51 115 95 115 51 105 135 104 61
105 55 105 51 115 95 114 87 105 135 101 97
55 55 55 51 115 95 114 51 125 135 125 61
105 55 104 51 115 95 113 87 125 135 124 97
85 55 84 51 115 95 138 87 105 135 109 88
105 55 104 51 115 95 114 87 45 135 45 51
55 55 55 51 115 95 114 51 45 135 44 87
95 55 94 51 115 95 138 88 105 135 101 87
55 55 55 51 125 95 125 51 45 135 44 87
85 55 85 51 125 95 125 51 45 135 45 51
85 55 85 51 125 95 125 51 125 135 124 61
55 55 55 51 125 95 125 51 125 135 124 61
85 55 85 51 125 95 125 51 85 135 84 87
65 55 65 51 125 95 125 51 85 135 122 81
65 55 65 51 125 95 125 51 125 135 124 61
65 55 65 51 85 95 137 80 125 135 125 51
65 55 64 51 85 95 138 78 105 135 146 71
55 55 54 51 85 95 108 87 85 135 90 87
85 55 85 51 85 95 85 87 85 135 86 97
95 55 95 51 85 95 86 87 85 135 86 97
95 55 95 51 85 95 86 87 45 135 45 51
55 55 54 51 85 95 155 61 45 135 44 87
85 55 85 51 85 95 85 87 45 135 45 51
85 55 85 51 85 95 85 87 125 135 124 51
55 55 55 51 85 95 109 87 105 135 154 71
55 55 55 51 85 95 138 82 125 135 126 51
55 55 55 51 55 95 55 87 125 135 124 51
55 55 55 51 55 95 55 87 105 135 105 51
105 55 105 51 55 95 54 51 105 135 105 87
105 55 105 51 55 95 55 51 45 135 44 61
55 55 55 51 55 95 55 87 45 135 45 97
95 55 95 51 55 95 55 51 45 135 44 61
95 55 95 51 55 95 54 51 105 135 105 87
95 55 95 51 55 95 54 51 85 135 85 87
55 55 54 51 55 95 55 87 85 135 124 71
65 55 65 51 55 95 55 87 85 135 143 71
65 55 65 51 55 95 55 87 125 135 124 51
65 55 65 51 55 95 56 87 105 135 105 51
65 55 65 51 95 95 114 87 125 135 125 51
65 55 64 51 95 95 118 87 85 135 90 88
85 55 85 51 95 95 94 87 85 135 83 97
95 55 95 51 95 95 95 87 85 135 83 97
95 55 94 51 95 95 94 87 105 135 106 97
95 55 95 51 95 95 95 87 45 135 45 51
105 55 105 51 95 95 95 87 45 135 45 51
55 55 55 51 95 95 94 51 45 135 44 87
85 55 84 51 95 95 94 87 45 135 45 51
85 55 84 51 95 95 95 87 125 135 159 71
85 55 84 51 95 95 93 87 105 135 104 97
105 55 105 51 95 95 96 87 105 135 108 97
55 55 55 51 95 95 94 51 105 135 106 61
55 55 55 51 105 95 105 51 105 135 105 61
105 55 105 51 105 95 105 87 105 135 104 97
105 55 105 51 105 95 105 87 45 135 45 51
55 55 55 51 105 95 104 51 45 135 44 87
95 55 94 51 105 95 104 87 45 135 45 51
95 55 94 51 105 95 103 87 105 135 102 97
65 55 65 51 105 95 105 51 105 135 105 61
65 55 64 51 75 95 74 87 125 135 124 51
65 55 64 51 75 95 75 87 105 135 131 71
65 55 64 51 75 95 74 87 85 135 85 97
55 55 54 51 75 95 138 66 85 135 161 71
85 55 85 51 75 95 76 87 85 135 88 97
85 55 85 51 75 95 75 87 125 135 124 51
55 55 55 51 75 95 126 79 105 135 115 51
55 55 55 51 75 95 128 61 125 135 127 51
75 55 75 51 75 95 75 87 125 135 124 51
75 55 74 51 75 95 75 87 105 135 144 71
75 55 74 51 75 95 75 87 85 135 89 97
75 55 74 51 95 95 115 87 85 135 81 87
75 55 74 51 105 95 128 87 105 135 110 87
75 55 75 51 125 95 125 51 125 135 124 61
75 55 75 51 125 95 125 51 85 135 85 87
75 55 75 51 115 95 114 51 125 135 125 61
75 55 75 51 65 95 65 87 85 135 111 78
75 55 75 51 65 95 65 87 125 135 124 51
75 55 74 51 85 95 84 87 125 135 124 51
75 55 74 51 85 95 84 87 85 135 85 97
125 55 124 51 85 95 85 51 85 135 85 61
125 55 124 51 85 95 84 51 125 135 124 87
125 55 124 51 85 95 84 51 45 135 45 51
125 55 124 51 55 95 54 51 85 135 83 63
125 55 124 51 55 95 54 51 125 135 124 87
125 55 124 51 55 95 55 51 45 135 44 61
125 55 124 51 125 95 124 87 45 135 45 51
125 55 125 51 125 95 124 87 125 135 124 97
125 55 124 51 125 95 124 87 85 135 85 51
125 55 125 51 115 95 114 87 125 135 125 97
125 55 125 51 115 95 114 87 45 135 45 51
125 55 124 51 135 95 134 87 45 135 45 51
125 55 124 51 135 95 134 87 125 135 123 97
125 55 124 51 135 95 134 87 85 135 85 51
125 55 125 51 65 95 64 51 85 135 91 64
125 55 124 51 65 95 64 51 125 135 124 87
125 55 124 51 75 95 74 51 125 135 124 87
125 55 124 51 75 95 74 51 85 135 86 61
125 55 124 51 75 95 75 51 75 135 75 61
55 55 54 51 75 95 94 87 75 135 153 71
85 55 85 51 75 95 76 87 75 135 76 97
75 55 75 51 75 95 75 87 75 135 76 97
125 55 124 51 55 95 54 51 75 135 83 63
55 55 55 51 55 95 55 87 75 135 134 71
55 55 55 51 125 95 130 51 75 135 123 71
85 55 85 51 125 95 125 51 75 135 74 87
125 55 124 51 125 95 124 87 75 135 75 51
75 55 75 51 125 95 125 51 75 135 74 87
75 55 75 51 115 95 114 51 75 135 74 87
55 55 55 51 115 95 115 51 75 135 112 81
125 55 125 51 115 95 114 87 75 135 75 51
125 55 124 51 135 95 134 87 75 135 75 51
75 55 75 51 65 95 66 87 75 135 78 97
55 55 54 51 65 95 64 87 75 135 76 97
125 55 124 51 65 95 64 51 75 135 76 61
125 55 124 51 85 95 85 51 75 135 74 61
55 55 54 51 85 95 108 87 75 135 79 88
85 55 85 51 85 95 85 87 75 135 75 97
75 55 75 51 85 95 84 87 75 135 71 97
65 55 64 51 85 95 105 87 75 135 71 87
65 55 65 51 55 95 55 87 75 135 101 78
65 55 65 51 125 95 125 51 75 135 75 87
65 55 65 51 115 95 114 51 75 135 75 87
65 55 64 51 65 95 65 87 75 135 79 97
65 55 64 51 75 95 74 87 75 135 75 97
65 55 65 51 105 95 104 51 55 135 54 87
65 55 65 51 55 95 56 87 55 135 56 97
65 55 65 51 125 95 125 51 55 135 54 87
65 55 65 51 115 95 114 51 55 135 54 87
65 55 65 51 65 95 65 87 55 135 55 97
55 55 55 51 65 95 64 87 55 135 53 97
105 55 105 51 65 95 65 51 55 135 54 61
125 55 124 51 65 95 65 51 55 135 54 61
115 55 114 51 65 95 65 51 55 135 54 61
115 55 115 51 105 95 105 87 55 135 55 51
115 55 114 51 55 95 55 51 55 135 55 61
55 55 55 51 55 95 55 87 55 135 56 97
105 55 105 51 55 95 55 51 55 135 55 61
125 55 124 51 55 95 55 51 55 135 55 61
95 55 95 51 55 95 55 51 55 135 55 61
55 55 55 51 105 95 104 51 55 135 54 87
105 55 105 51 105 95 105 87 55 135 55 51
95 55 94 51 105 95 104 87 55 135 55 51
95 55 95 51 95 95 95 87 55 135 55 51
55 55 55 51 95 95 94 51 55 135 54 87
105 55 105 51 95 95 95 87 55 135 55 51
55 55 55 51 125 95 125 51 55 135 55 87
125 55 124 51 125 95 124 87 55 135 55 51
115 55 114 51 125 95 124 87 55 135 55 51
115 55 115 51 115 95 114 87 55 135 55 51
55 55 55 51 115 95 114 51 55 135 54 87
105 55 104 51 115 95 114 87 55 135 55 51
125 55 125 51 115 95 114 87 55 135 55 51
125 55 124 51 135 95 134 87 55 135 55 51
95 55 95 51 105 95 104 87 95 135 91 97
55 55 55 51 105 95 105 51 95 135 94 61
105 55 105 51 105 95 105 87 95 135 93 97
85 55 84 51 105 95 128 88 95 135 91 87
105 55 105 51 95 95 96 87 95 135 96 97
55 55 55 51 95 95 95 51 95 135 95 61
85 55 84 51 95 95 93 87 95 135 92 97
95 55 94 51 95 95 95 87 95 135 94 97
95 55 95 51 55 95 54 51 95 135 95 87
55 55 55 51 55 95 55 87 95 135 95 51
105 55 105 51 55 95 54 51 95 135 95 87
75 55 74 51 105 95 128 87 95 135 100 88
55 55 54 51 65 95 65 87 95 135 121 71
105 55 105 51 65 95 64 51 95 135 95 87
55 55 54 51 85 95 91 83 95 135 150 71
85 55 84 51 85 95 85 87 95 135 99 97
95 55 95 51 85 95 86 87 95 135 98 97
75 55 74 51 85 95 84 87 95 135 95 97
75 55 75 51 75 95 75 87 95 135 154 71
55 55 54 51 75 95 128 78 95 135 136 71
85 55 85 51 75 95 75 87 95 135 121 78
65 55 64 51 95 95 118 87 95 135 100 87
65 55 65 51 55 95 55 87 95 135 152 51
65 55 64 51 65 95 65 87 95 135 134 71
45 55 44 51 75 95 97 87 65 135 69 88
45 55 44 51 75 95 134 78 125 135 125 51
45 55 44 51 75 95 94 87 105 135 108 51
45 55 44 51 75 95 100 87 95 135 147 71
45 55 44 51 75 95 97 87 75 135 80 87
45 55 44 51 75 95 81 83 85 135 141 71
45 55 45 51 95 95 95 51 85 135 84 61
45 55 44 51 55 95 55 87 85 135 111 71
45 55 45 51 125 95 125 51 85 135 85 51
45 55 45 51 105 95 105 51 95 135 94 61
45 55 45 51 105 95 104 51 55 135 55 87
45 55 45 51 105 95 105 51 105 135 105 61
45 55 45 51 105 95 104 51 45 135 44 87
45 55 45 51 95 95 94 51 45 135 44 87
45 55 45 51 95 95 94 51 55 135 55 87
45 55 45 51 95 95 94 51 105 135 106 61
45 55 45 51 95 95 95 51 95 135 95 61
45 55 44 51 55 95 55 87 95 135 95 51
45 55 44 51 55 95 54 87 55 135 55 97
45 55 44 51 55 95 55 87 125 135 124 51
45 55 44 51 55 95 55 87 105 135 105 51
45 55 45 51 55 95 55 87 45 135 43 97
45 55 44 51 55 95 81 78 75 135 143 71
45 55 44 51 125 95 125 51 75 135 111 71
45 55 45 51 125 95 125 51 55 135 55 87
45 55 45 51 125 95 125 51 125 135 124 61
45 55 45 51 125 95 125 51 45 135 44 87
45 55 45 51 115 95 114 51 45 135 44 87
45 55 45 51 115 95 114 51 55 135 55 87
45 55 45 51 115 95 114 51 125 135 125 61
45 55 45 51 115 95 115 51 105 135 104 61
45 55 44 51 115 95 123 51 75 135 114 71
45 55 45 51 125 95 124 51 135 135 135 61
45 55 45 51 105 95 105 51 65 135 101 81
45 55 44 51 55 95 54 87 65 135 66 97
45 55 45 51 125 95 125 51 65 135 119 71
45 55 45 51 115 95 115 51 65 135 114 71
45 55 44 51 65 95 83 87 65 135 143 71
45 55 44 51 65 95 85 87 55 135 49 87
45 55 44 51 65 95 128 61 125 135 129 51
45 55 44 51 65 95 117 80 105 135 105 51
45 55 44 51 65 95 128 65 75 135 152 71
45 55 44 51 65 95 116 79 95 135 105 51
45 55 45 51 85 95 85 51 85 135 85 61
45 55 45 51 85 95 84 51 125 135 124 51
45 55 45 51 85 95 84 51 105 135 113 63
45 55 45 51 85 95 84 51 45 135 44 87
45 55 44 51 85 95 84 51 75 135 155 51
45 55 45 51 85 95 84 51 95 135 96 61
45 55 45 51 85 95 84 51 115 135 113 63
55 55 55 51 85 95 104 87 115 135 119 51
85 55 84 51 85 95 85 87 115 135 153 71
125 55 124 51 85 95 84 51 115 135 114 87
75 55 74 51 85 95 85 87 115 135 141 71
75 55 75 51 125 95 125 51 115 135 113 61
75 55 75 51 115 95 115 51 115 135 114 61
55 55 55 51 115 95 115 51 115 135 114 61
105 55 104 51 115 95 113 87 115 135 112 97
45 55 45 51 115 95 115 51 115 135 114 61
85 55 84 51 115 95 138 87 115 135 120 87
125 55 125 51 115 95 115 87 115 135 114 97
115 55 114 51 115 95 114 87 115 135 114 97
115 55 115 51 105 95 105 87 115 135 116 97
115 55 115 51 45 95 45 51 115 135 114 87
115 55 115 51 55 95 54 51 115 135 115 87
55 55 55 51 55 95 55 87 115 135 115 51
105 55 105 51 55 95 54 51 115 135 115 87
45 55 44 51 55 95 55 87 115 135 115 51
125 55 124 51 55 95 54 51 115 135 114 87
95 55 94 51 105 95 104 87 115 135 114 97
55 55 55 51 105 95 104 51 115 135 116 61
105 55 104 51 105 95 104 87 115 135 115 97
45 55 45 51 105 95 104 51 115 135 116 61
55 55 55 51 45 95 46 87 115 135 115 51
105 55 105 51 45 95 45 51 115 135 115 87
45 55 44 51 45 95 44 87 115 135 115 51
125 55 124 51 45 95 45 51 115 135 114 87
55 55 55 51 125 95 125 51 115 135 113 61
45 55 45 51 125 95 125 51 115 135 113 61
115 55 114 51 125 95 124 87 115 135 113 97
125 55 125 51 125 95 125 87 115 135 112 97
125 55 124 51 65 95 64 51 115 135 114 87
55 55 54 51 65 95 64 87 115 135 115 51
105 55 105 51 65 95 64 51 115 135 115 87
45 55 44 51 65 95 118 63 115 135 117 51
115 55 115 51 65 95 64 51 115 135 115 87
75 55 75 51 65 95 65 87 115 135 115 51
75 55 75 51 75 95 75 87 115 135 115 51
55 55 55 51 75 95 127 80 115 135 115 51
45 55 44 51 75 95 128 82 115 135 115 51
115 55 115 51 75 95 74 51 115 135 115 87
125 55 124 51 75 95 74 51 115 135 114 87
65 55 64 51 75 95 74 87 115 135 115 51
65 55 65 51 105 95 104 51 115 135 116 61
65 55 65 51 55 95 55 87 115 135 115 51
65 55 65 51 125 95 125 51 115 135 113 61
65 55 65 51 115 95 115 51 115 135 114 61
65 55 65 51 65 95 65 87 115 135 115 51
65 55 65 51 85 95 136 79 115 135 125 51
