45 55 45 51 45 95 45 87 45 135 44 98
115 55 114 51 45 95 45 51 45 135 46 57
90 55 90 51 45 95 45 51 45 135 46 57
130 55 129 51 45 95 45 51 45 135 46 57
60 55 60 51 45 95 45 87 130 135 130 51
115 55 115 51 45 95 45 51 130 135 130 87
90 55 90 51 45 95 45 51 130 135 130 51
130 55 129 51 45 95 45 51 130 135 129 87
130 55 129 51 45 95 45 51 90 135 90 51
115 55 114 51 45 95 45 51 90 135 90 51
90 55 89 51 45 95 45 51 90 135 89 87
60 55 60 51 45 95 45 87 115 135 115 51
115 55 114 51 45 95 45 51 115 135 114 87
90 55 90 51 45 95 45 51 115 135 114 88
130 55 130 51 45 95 38 51 115 135 71 60
130 55 130 51 45 95 44 51 75 135 132 61
115 55 115 51 45 95 44 51 75 135 105 72
45 55 44 51 45 95 44 87 90 135 90 51
45 55 44 51 45 95 44 87 115 135 115 51
45 55 44 51 45 95 44 87 130 135 130 51
45 55 45 51 90 95 89 51 130 135 130 51
45 55 45 51 115 95 114 51 130 135 129 62
45 55 45 51 130 95 130 51 130 135 131 59
45 55 44 51 60 95 60 87 130 135 130 51
115 55 115 51 60 95 59 51 130 135 130 87
60 55 60 51 60 95 60 87 130 135 130 51
75 55 75 51 60 95 60 87 130 135 130 51
60 55 60 51 130 95 130 51 130 135 131 59
115 55 114 51 130 95 129 87 130 135 129 98
90 55 90 51 130 95 130 51 130 135 131 59
75 55 75 51 130 95 130 51 130 135 131 59
75 55 75 51 75 95 75 87 130 135 130 51
115 55 115 51 75 95 74 51 130 135 130 87
90 55 90 51 75 95 75 87 130 135 130 51
60 55 59 51 75 95 74 87 130 135 130 51
60 55 60 51 115 95 114 51 130 135 129 62
115 55 114 51 115 95 114 87 130 135 130 97
75 55 75 51 115 95 114 51 130 135 129 62
75 55 74 51 90 95 89 87 130 135 130 51
90 55 90 51 90 95 90 87 130 135 130 51
60 55 60 51 90 95 160 61 75 135 74 87
60 55 60 51 115 95 114 51 75 135 75 87
60 55 60 51 130 95 129 51 75 135 75 87
60 55 59 51 60 95 60 87 75 135 77 97
60 55 59 51 75 95 74 87 75 135 74 97
115 55 114 51 75 95 74 51 45 135 45 51
90 55 90 51 75 95 75 87 45 135 45 51
115 55 114 51 75 95 75 51 75 135 75 58
75 55 75 51 75 95 75 87 75 135 76 97
75 55 75 51 75 95 75 87 45 135 45 51
45 55 44 51 75 95 144 61 45 135 44 87
45 55 44 51 75 95 149 61 75 135 79 54
75 55 74 51 90 95 89 87 45 135 45 51
90 55 90 51 90 95 90 87 45 135 45 51
45 55 44 51 90 95 89 51 45 135 44 87
45 55 44 51 115 95 116 51 75 135 109 72
45 55 44 51 115 95 114 51 45 135 44 87
115 55 115 51 115 95 114 87 45 135 45 51
90 55 90 51 115 95 132 87 45 135 45 51
115 55 115 51 115 95 114 87 75 135 75 51
75 55 74 51 115 95 114 51 75 135 74 87
75 55 75 51 115 95 114 51 45 135 45 51
75 55 75 51 130 95 129 51 45 135 45 51
75 55 74 51 130 95 129 51 75 135 74 87
115 55 114 51 130 95 130 87 75 135 75 51
90 55 90 51 130 95 129 51 45 135 45 51
115 55 114 51 130 95 129 87 45 135 45 51
45 55 44 51 130 95 129 51 45 135 44 87
45 55 44 51 60 95 136 61 75 135 166 51
115 55 114 51 60 95 59 51 75 135 75 62
75 55 75 51 60 95 60 87 75 135 74 97
75 55 75 51 60 95 60 87 115 135 115 51
115 55 114 51 60 95 59 51 115 135 114 87
45 55 44 51 60 95 60 87 115 135 115 51
60 55 60 51 60 95 60 87 115 135 115 51
60 55 60 51 115 95 115 51 115 135 115 58
60 55 59 51 75 95 74 87 115 135 115 51
115 55 114 51 75 95 74 51 115 135 114 87
90 55 90 51 75 95 76 87 115 135 115 87
75 55 75 51 75 95 75 87 115 135 115 51
45 55 45 51 115 95 115 51 115 135 115 58
115 55 115 51 115 95 115 87 115 135 114 98
90 55 90 51 130 95 129 51 115 135 114 88
75 55 75 51 115 95 115 51 115 135 115 58
90 55 89 51 90 95 89 87 115 135 114 99
45 55 45 51 90 95 89 51 115 135 172 44
60 55 60 51 90 95 166 61 90 135 95 52
90 55 90 51 90 95 90 87 90 135 91 97
75 55 74 51 90 95 89 87 90 135 89 98
45 55 45 51 90 95 90 51 90 135 90 58
45 55 45 51 130 95 129 51 90 135 90 51
45 55 45 51 115 95 114 51 90 135 90 51
115 55 115 51 115 95 114 87 90 135 90 51
90 55 90 51 115 95 132 87 90 135 89 87
90 55 89 51 130 95 129 51 90 135 89 87
115 55 114 51 130 95 130 87 90 135 90 51
75 55 75 51 130 95 129 51 90 135 90 87
75 55 75 51 115 95 114 51 90 135 90 87
75 55 74 51 75 95 75 87 90 135 92 97
115 55 114 51 75 95 74 51 90 135 89 62
90 55 90 51 75 95 75 87 90 135 89 97
115 55 115 51 60 95 59 51 90 135 93 55
130 55 130 51 60 95 59 51 90 135 116 72
130 55 129 51 60 95 59 51 75 135 75 62
130 55 129 51 60 95 59 51 130 135 129 87
130 55 130 51 60 95 59 51 115 135 123 47
130 55 129 51 130 95 129 87 130 135 128 98
130 55 129 51 130 95 129 87 75 135 75 51
130 55 129 51 130 95 129 87 45 135 45 51
130 55 129 51 130 95 129 87 90 135 90 51
130 55 130 51 115 95 114 87 75 135 75 51
130 55 130 51 115 95 114 87 45 135 45 51
130 55 130 51 115 95 114 87 90 135 90 51
130 55 129 51 115 95 114 87 130 135 129 98
130 55 129 51 75 95 74 51 130 135 129 88
130 55 129 51 75 95 75 51 75 135 75 58
130 55 129 51 75 95 74 51 45 135 45 51
130 55 129 51 75 95 74 51 90 135 89 62
130 55 129 51 90 95 89 51 45 135 45 51
130 55 129 51 90 95 90 51 90 135 90 58
130 55 129 51 90 95 89 51 130 135 129 87
130 55 129 51 90 95 89 51 60 135 60 51
90 55 90 51 90 95 90 87 60 135 60 51
45 55 45 51 90 95 89 51 60 135 60 87
60 55 59 51 90 95 160 61 60 135 59 87
60 55 60 51 45 95 45 87 60 135 59 97
60 55 59 51 130 95 129 51 60 135 59 87
60 55 59 51 115 95 114 51 60 135 59 87
45 55 44 51 75 95 144 61 60 135 60 87
45 55 45 51 45 95 45 87 60 135 60 97
45 55 45 51 130 95 129 51 60 135 60 87
45 55 45 51 115 95 114 51 60 135 60 87
115 55 115 51 115 95 114 87 60 135 60 51
90 55 90 51 115 95 132 87 60 135 60 51
130 55 130 51 115 95 114 87 60 135 60 51
90 55 90 51 45 95 44 51 60 135 60 62
115 55 114 51 45 95 44 51 60 135 60 62
130 55 129 51 45 95 44 51 60 135 60 62
130 55 129 51 130 95 129 87 60 135 60 51
115 55 114 51 130 95 129 87 60 135 60 51
90 55 90 51 130 95 129 51 60 135 60 51
115 55 114 51 60 95 60 51 60 135 60 58
130 55 129 51 60 95 60 51 60 135 60 58
45 55 44 51 60 95 59 87 60 135 59 97
60 55 60 51 60 95 60 87 60 135 61 97