85 55 84 51 45 95 45 51 105 135 113 64
105 55 104 51 45 95 45 51 105 135 103 61
95 55 95 51 45 95 45 51 105 135 108 61
45 55 45 51 45 95 44 61 105 135 105 51
115 55 115 51 45 95 45 51 105 135 98 51
95 55 95 51 45 95 45 51 85 135 78 51
45 55 45 51 45 95 44 61 85 135 85 51
85 55 84 51 45 95 45 51 85 135 83 61
105 55 104 51 45 95 45 51 65 135 65 51
45 55 44 51 45 95 45 60 65 135 73 64
115 55 114 51 45 95 45 51 65 135 65 51
115 55 115 51 45 95 45 51 125 135 128 61
45 55 45 51 45 95 44 61 125 135 124 51
85 55 84 51 45 95 45 51 125 135 124 51
105 55 104 51 45 95 45 51 95 135 88 51
95 55 94 51 45 95 45 51 95 135 93 61
45 55 45 51 45 95 44 61 95 135 95 51
85 55 85 51 45 95 45 51 95 135 98 61
85 55 85 51 45 95 45 51 75 135 67 51
45 55 45 51 45 95 44 61 75 135 72 64
115 55 114 51 45 95 45 51 75 135 75 51
65 55 64 51 45 95 45 51 85 135 93 64
65 55 64 51 45 95 45 51 105 135 105 51
65 55 64 51 45 95 45 51 65 135 63 61
65 55 65 51 45 95 45 51 75 135 78 61
65 55 64 51 45 95 45 51 125 135 124 51
65 55 64 51 45 95 45 51 95 135 92 64
75 55 74 51 45 95 45 51 95 135 103 64
75 55 74 51 45 95 45 51 105 135 102 64
75 55 74 51 45 95 45 51 125 135 124 51
75 55 74 51 45 95 45 51 75 135 73 61
75 55 75 51 45 95 45 51 85 135 88 61
125 55 125 51 45 95 45 51 85 135 85 51
125 55 124 51 45 95 45 51 125 135 123 61
125 55 125 51 45 95 45 51 135 135 137 61
125 55 125 51 45 95 45 51 75 135 75 51
125 55 125 51 45 95 45 51 65 135 65 51
75 55 74 51 55 95 55 51 95 135 103 64
75 55 74 51 55 95 55 51 125 135 124 51
75 55 75 51 55 95 55 51 85 135 88 61
95 55 95 51 55 95 55 51 85 135 77 51
55 55 54 51 55 95 54 61 85 135 82 64
45 55 44 51 55 95 55 61 85 135 85 51
45 55 44 51 55 95 55 61 125 135 124 51
55 55 55 51 55 95 54 61 125 135 124 51
95 55 94 51 55 95 55 51 95 135 93 61
105 55 105 51 55 95 55 51 95 135 87 51
55 55 55 51 55 95 54 61 95 135 95 51
45 55 44 51 55 95 55 61 95 135 95 51
125 55 125 51 55 95 55 51 85 135 85 51
125 55 124 51 55 95 55 51 125 135 123 61
125 55 125 51 55 95 55 51 135 135 137 61
125 55 125 51 95 95 95 51 135 135 137 61
125 55 125 51 85 95 85 51 135 135 137 61
125 55 125 51 105 95 105 51 135 135 137 61
125 55 125 51 75 95 75 51 135 135 137 61
125 55 124 51 95 95 95 51 125 135 123 61
125 55 124 51 75 95 75 51 125 135 123 61
125 55 124 51 105 95 105 51 125 135 123 61
125 55 124 51 85 95 85 51 125 135 123 61
55 55 54 51 105 95 105 51 125 135 124 51
55 55 54 51 75 95 75 60 125 135 124 51
55 55 55 51 85 95 112 72 125 135 125 51
45 55 44 51 85 95 85 51 125 135 124 51
45 55 44 51 75 95 125 66 125 135 125 51
45 55 44 51 105 95 105 51 125 135 124 51
45 55 44 51 95 95 95 51 125 135 124 51
55 55 54 51 95 95 95 51 125 135 124 51
125 55 125 51 115 95 60 47 135 135 137 61
75 55 74 51 95 95 95 60 125 135 124 51
75 55 75 51 75 95 74 61 125 135 124 51
75 55 74 51 85 95 84 61 125 135 124 51
75 55 74 51 75 95 75 60 95 135 103 63
105 55 105 51 75 95 78 52 95 135 91 60
55 55 54 51 75 95 75 60 95 135 95 51
55 55 54 51 85 95 87 56 95 135 96 74
105 55 105 51 85 95 72 70 95 135 96 61
45 55 43 51 85 95 86 47 95 135 90 69
45 55 44 51 75 95 77 56 95 135 96 66
45 55 44 51 95 95 98 51 95 135 151 71
55 55 54 51 95 95 95 48 95 135 151 71
95 55 94 51 75 95 75 51 95 135 93 61
95 55 94 51 75 95 62 69 85 135 86 61
55 55 52 51 85 95 87 53 85 135 108 51
45 55 44 51 85 95 86 48 85 135 141 71
45 55 44 51 75 95 78 54 85 135 86 75
115 55 115 51 55 95 55 51 125 135 128 61
115 55 115 51 75 95 75 51 125 135 128 61
115 55 115 51 105 95 52 47 125 135 128 61
115 55 115 51 85 95 85 51 125 135 128 61
115 55 115 51 95 95 95 51 125 135 128 61
45 55 44 51 75 95 78 54 75 135 88 72
125 55 125 51 55 95 55 51 75 135 75 51
55 55 54 51 55 95 55 60 75 135 83 63
115 55 114 51 55 95 55 51 75 135 75 51
75 55 74 51 55 95 55 51 75 135 73 61
45 55 44 51 55 95 57 59 75 135 75 61
125 55 125 51 65 95 65 51 135 135 137 61
105 55 104 51 65 95 65 51 95 135 88 51
55 55 54 51 65 95 64 61 95 135 95 51
45 55 45 51 65 95 65 60 95 135 95 51
95 55 94 51 65 95 65 51 95 135 93 61
55 55 54 51 65 95 64 61 125 135 124 51
115 55 115 51 65 95 65 51 125 135 128 61
45 55 45 51 65 95 65 60 125 135 124 51
125 55 124 51 65 95 65 51 125 135 123 61
125 55 125 51 65 95 65 51 85 135 85 51
55 55 54 51 65 95 64 61 85 135 82 64
45 55 45 51 65 95 65 60 85 135 85 51
95 55 95 51 65 95 68 52 85 135 81 60
65 55 64 51 65 95 65 60 85 135 93 63
65 55 64 51 75 95 74 61 95 135 92 64
65 55 64 51 65 95 64 61 95 135 92 64
65 55 63 51 95 95 97 53 95 135 128 51
65 55 64 51 75 95 74 61 125 135 124 51
65 55 64 51 105 95 105 51 125 135 124 51
65 55 65 51 65 95 64 61 125 135 124 51
65 55 64 51 85 95 85 60 125 135 124 51
65 55 65 51 95 95 116 71 125 135 127 51
95 55 95 51 55 95 55 51 105 135 108 61
95 55 95 51 75 95 75 51 105 135 108 61
95 55 95 51 65 95 65 51 105 135 108 61
55 55 53 51 95 95 96 47 105 135 100 69
65 55 64 51 95 95 97 56 105 135 106 74
115 55 115 51 95 95 87 67 105 135 107 61
75 55 74 51 75 95 74 61 105 135 102 64
105 55 104 51 65 95 65 51 105 135 103 61
55 55 54 51 65 95 64 61 105 135 105 51
65 55 65 51 65 95 64 61 105 135 105 51
115 55 115 51 65 95 65 51 105 135 98 51
115 55 115 51 75 95 75 51 105 135 97 51
55 55 54 51 75 95 75 60 105 135 105 51
105 55 104 51 75 95 75 51 105 135 103 61
65 55 64 51 75 95 74 61 105 135 105 51
65 55 64 51 85 95 85 60 105 135 105 51
105 55 104 51 85 95 85 51 105 135 103 61
55 55 53 51 85 95 93 66 105 135 114 51
115 55 115 51 85 95 88 52 105 135 101 61
75 55 74 51 85 95 84 61 105 135 102 64
75 55 74 51 55 95 55 51 105 135 102 64
105 55 104 51 55 95 55 51 105 135 103 61
55 55 55 51 55 95 54 61 105 135 105 51
115 55 115 51 55 95 55 51 105 135 98 51
45 55 44 51 55 95 55 61 105 135 105 51
45 55 44 51 75 95 92 69 105 135 107 51
45 55 45 51 65 95 65 60 105 135 105 51
45 55 44 51 85 95 85 51 105 135 105 51
45 55 42 51 95 95 98 52 105 135 98 51
85 55 84 51 85 95 85 60 105 135 113 63
85 55 84 51 65 95 65 51 105 135 113 64
85 55 85 51 65 95 65 51 95 135 98 61
85 55 84 51 55 95 55 51 105 135 113 64
85 55 85 51 55 95 55 51 95 135 98 61
85 55 84 51 55 95 55 51 125 135 124 51
85 55 84 51 105 95 105 60 125 135 124 51
85 55 84 51 65 95 65 51 125 135 124 51
85 55 85 51 85 95 84 61 125 135 124 51
85 55 84 51 95 95 94 61 125 135 124 51
85 55 84 51 65 95 65 51 85 135 83 61
85 55 84 51 55 95 55 51 85 135 83 61
85 55 85 51 55 95 58 52 75 135 71 60
85 55 85 51 65 95 46 67 75 135 76 61
105 55 105 51 75 95 75 51 115 135 118 61
55 55 54 51 75 95 75 60 115 135 115 51
55 55 52 51 105 95 108 52 115 135 108 51
85 55 84 51 105 95 47 46 115 135 114 63
65 55 64 51 75 95 74 61 115 135 115 51
65 55 63 51 105 95 106 47 115 135 110 69
115 55 115 51 75 95 75 51 115 135 113 61
75 55 75 51 75 95 74 61 115 135 115 51
75 55 74 51 105 95 107 56 115 135 116 74
105 55 105 51 65 95 65 51 115 135 118 61
55 55 54 51 65 95 64 61 115 135 115 51
85 55 84 51 65 95 65 51 115 135 112 64
65 55 65 51 65 95 64 61 115 135 115 51
115 55 115 51 65 95 65 51 115 135 113 61
115 55 114 51 45 95 45 51 115 135 113 61
105 55 105 51 45 95 45 51 115 135 118 61
85 55 84 51 45 95 45 51 115 135 112 64
65 55 64 51 45 95 45 51 115 135 115 51
75 55 74 51 45 95 45 51 115 135 115 51
75 55 74 51 95 95 95 60 115 135 115 51
55 55 54 51 95 95 95 51 115 135 115 51
85 55 84 51 95 95 94 61 115 135 112 64
65 55 63 51 95 95 129 72 115 135 130 51
115 55 115 51 95 95 95 51 115 135 113 61
115 55 114 51 55 95 55 51 115 135 113 61
105 55 105 51 55 95 55 51 115 135 118 61
55 55 55 51 55 95 54 61 115 135 115 51
85 55 84 51 55 95 55 51 115 135 112 64
75 55 74 51 55 95 55 51 115 135 115 51
45 55 44 51 95 95 95 51 115 135 115 51
45 55 44 51 75 95 100 72 115 135 115 51
45 55 43 51 105 95 100 65 115 135 106 51
45 55 45 51 65 95 65 60 115 135 115 51
45 55 45 51 45 95 44 61 115 135 115 51
45 55 44 51 55 95 55 61 115 135 115 51
125 55 124 51 55 95 55 51 115 135 108 51
125 55 125 51 75 95 75 51 115 135 107 51
125 55 124 51 105 95 88 71 115 135 117 61
125 55 125 51 65 95 65 51 115 135 107 51
125 55 124 51 45 95 45 51 115 135 108 51
125 55 124 51 95 95 98 52 115 135 111 61
45 55 44 51 85 95 85 51 115 135 115 51
105 55 105 51 85 95 85 51 115 135 118 61
55 55 55 51 85 95 107 72 115 135 117 51
85 55 84 51 85 95 84 61 115 135 112 64
65 55 64 51 85 95 85 60 115 135 115 51
115 55 114 51 85 95 85 51 115 135 113 61
75 55 74 51 85 95 84 61 115 135 115 51
125 55 125 51 85 95 85 51 115 135 107 51
